(0.3340579, 0.117210895, 0.43342954, 0.0013222692, 1.6776359)
(0.32517147, 0.07113797, 0.50799, 0.00038501128, 1.6042421)
(0.30264738, 0.058457308, 0.48831993, 0.00030107133, 1.6391821)
(0.3039239, 0.055673126, 0.49643478, 0.00033379602, 1.6375475)
(0.30329934, 0.0524205, 0.50167567, 0.0004101008, 1.6386975)
(0.30563948, 0.05507081, 0.50105643, 0.0004045511, 1.6431016)
(0.3010068, 0.04902595, 0.5038547, 0.0005351062, 1.6422976)
(0.29942185, 0.04733842, 0.50404143, 0.00062708906, 1.6435096)
(0.3000944, 0.047380783, 0.5052627, 0.0008228953, 1.6433145)
(0.30298242, 0.049719002, 0.5063186, 0.0010410505, 1.6436917)
(0.29857665, 0.044706013, 0.50751704, 0.0011211733, 1.6440506)
(0.29985598, 0.04521549, 0.5089874, 0.001467838, 1.6443392)
(0.29638568, 0.040964387, 0.510418, 0.0021229372, 1.6446261)
(0.30630496, 0.05024197, 0.5116869, 0.0021953543, 1.644698)
(0.2949782, 0.038446624, 0.5125699, 0.0024661045, 1.6445227)
(0.29373053, 0.03689944, 0.5131192, 0.0027147608, 1.6438472)
(0.29341736, 0.03642229, 0.5133219, 0.0033414913, 1.6429586)
(0.297408, 0.040492818, 0.51316035, 0.003350242, 1.6417729)
(0.28859216, 0.03202706, 0.51248074, 0.0032473311, 1.6403246)
(0.2869895, 0.030883057, 0.511404, 0.004044506, 1.6386281)
(0.28334895, 0.027942374, 0.5098875, 0.0046280436, 1.6365775)
(0.28798997, 0.033466686, 0.50802314, 0.0051172394, 1.6344771)
(0.28749248, 0.034108467, 0.5057214, 0.0052333246, 1.6321934)
(0.2790513, 0.027036266, 0.5031288, 0.004506249, 1.6298021)
(0.27351534, 0.022930298, 0.50028926, 0.004404165, 1.6274472)
(0.27392715, 0.024876447, 0.4972577, 0.0042185006, 1.6249857)
(0.27154437, 0.023966093, 0.4941619, 0.004973296, 1.6224995)
(0.27025086, 0.024225194, 0.49111134, 0.004699841, 1.6200715)
(0.26913533, 0.02464373, 0.48802763, 0.004777875, 1.6176015)
(0.26362485, 0.020692276, 0.48499805, 0.0043354644, 1.6151515)
(0.26398957, 0.02259418, 0.48190308, 0.004438414, 1.6126348)
(0.26001173, 0.020162854, 0.47884893, 0.004244062, 1.610093)
(0.25733843, 0.019109905, 0.4757208, 0.0036814292, 1.6074127)
(0.25551242, 0.018818442, 0.47257125, 0.0040834956, 1.6047512)
(0.25241017, 0.017368944, 0.46934375, 0.0036934218, 1.6020201)
(0.25194538, 0.018598028, 0.4660058, 0.0034444942, 1.5990947)
(0.25674894, 0.025124062, 0.46243203, 0.004088712, 1.5962265)
(0.2507488, 0.020967763, 0.45880264, 0.0037974038, 1.5933698)
(0.24650922, 0.018580187, 0.45516914, 0.0034445913, 1.5904447)
(0.2424045, 0.016311523, 0.4515125, 0.0033674065, 1.5878677)
(0.24127118, 0.016908856, 0.4480251, 0.0034976709, 1.5854144)
(0.2398358, 0.017123774, 0.4448286, 0.0029772685, 1.582803)
(0.23826031, 0.01716661, 0.44144335, 0.0037202162, 1.580568)
(0.23602097, 0.016495284, 0.4384376, 0.0030687512, 1.5784558)
(0.23521888, 0.017081765, 0.4356734, 0.0030041793, 1.5766004)
(0.23370418, 0.016848527, 0.43310523, 0.003030429, 1.5749555)
(0.23289984, 0.017080138, 0.43089375, 0.0037283185, 1.5733919)
(0.23362494, 0.018815586, 0.42893076, 0.0034397256, 1.5720146)
(0.23448944, 0.020451663, 0.42736986, 0.0035284457, 1.5708044)
(0.23522055, 0.021961896, 0.4258988, 0.0030926478, 1.5698721)
(0.23072587, 0.018108657, 0.4246242, 0.0030510842, 1.5688564)
(0.23062378, 0.018602256, 0.4234414, 0.003008193, 1.5680151)
(0.22863735, 0.017160883, 0.42238164, 0.0028565032, 1.5672667)
(0.23005101, 0.018980853, 0.4214717, 0.00334313, 1.5665536)
(0.22804457, 0.017418664, 0.42063263, 0.0030959493, 1.565963)
(0.228555, 0.018248346, 0.41990957, 0.0035186838, 1.5654036)
(0.22607791, 0.016141871, 0.41922158, 0.003252544, 1.5649205)
(0.2258043, 0.016187625, 0.41862735, 0.0030300643, 1.5644752)
(0.225022, 0.015663313, 0.41807804, 0.0031967694, 1.5641001)
(0.22550394, 0.016417827, 0.4175347, 0.0031875418, 1.5636996)
(0.22490752, 0.01609709, 0.41707236, 0.0027424549, 1.563348)
(0.2261053, 0.017483804, 0.41661876, 0.0031210824, 1.5630134)
(0.22890411, 0.020452369, 0.41618642, 0.0035853093, 1.5627319)
(0.22411557, 0.015914116, 0.41579345, 0.0030472125, 1.562462)
(0.22504932, 0.017084846, 0.4153994, 0.0026477189, 1.5621692)
(0.22418062, 0.016315773, 0.415054, 0.0033785226, 1.561942)
(0.22372678, 0.01603913, 0.41471747, 0.003289192, 1.5616676)
(0.22315338, 0.015679277, 0.41441473, 0.002667327, 1.561449)
(0.22290012, 0.015593283, 0.41408584, 0.0026392713, 1.5612644)
(0.22332169, 0.016048186, 0.4138126, 0.0036719625, 1.5609998)
(0.22345816, 0.01642489, 0.41352192, 0.0027231064, 1.5608026)
(0.22293338, 0.016022163, 0.41325304, 0.0028469742, 1.5606241)
(0.2217534, 0.014873853, 0.41300133, 0.0037888694, 1.5604246)
(0.22215441, 0.015483733, 0.41274044, 0.0030045954, 1.5602579)
(0.22190902, 0.0153416395, 0.41250733, 0.0031370786, 1.560071)
(0.22397783, 0.017472267, 0.41226485, 0.0037313981, 1.5599146)
(0.22257733, 0.016190737, 0.41202027, 0.003764566, 1.5597668)
(0.2214563, 0.015286004, 0.41180992, 0.0026533909, 1.5596094)
(0.22101535, 0.01491701, 0.41159034, 0.0030316766, 1.5594658)
(0.22069743, 0.014674129, 0.4113823, 0.003321655, 1.5593158)
(0.22196929, 0.016088597, 0.4111713, 0.0029505212, 1.5592136)
(0.22236107, 0.01647956, 0.4110038, 0.0037962082, 1.5590773)
(0.22172397, 0.016043032, 0.41080555, 0.0027816049, 1.558956)
(0.2207479, 0.015106121, 0.41061422, 0.0033467128, 1.558845)
(0.22308585, 0.017480392, 0.41044405, 0.00383429, 1.5587171)
(0.22126482, 0.015824176, 0.41028, 0.003006474, 1.5585965)
(0.22124438, 0.015853316, 0.41011688, 0.0033262596, 1.558509)
(0.22150756, 0.016138531, 0.40999198, 0.0037304899, 1.5583965)
(0.22221236, 0.017017934, 0.40984893, 0.0026996061, 1.5583165)
(0.22120078, 0.016077528, 0.40971017, 0.0026816158, 1.558207)
(0.22113252, 0.016023189, 0.4095757, 0.003214724, 1.5581138)
(0.22190538, 0.01680358, 0.40946177, 0.0037092047, 1.5580214)
(0.2221081, 0.017128361, 0.40933657, 0.003114573, 1.5579295)
(0.22039622, 0.015471016, 0.40922505, 0.0031268122, 1.5578392)
(0.22083536, 0.015957303, 0.40910882, 0.0032364156, 1.5577374)
(0.22116533, 0.016351748, 0.4089994, 0.0031386663, 1.5576649)
(0.22194135, 0.017248947, 0.40889147, 0.0024666586, 1.5575917)
(0.22013468, 0.015371298, 0.40878844, 0.003691543, 1.5574822)
(0.22072499, 0.016015142, 0.4086933, 0.0036318745, 1.5574121)
(0.2204616, 0.015910806, 0.4085892, 0.0025619422, 1.5573455)
(0.2219303, 0.017329052, 0.40850073, 0.0035088153, 1.5572624)
(0.22112083, 0.016645601, 0.40839574, 0.0027736002, 1.5571728)
(0.22192538, 0.017494582, 0.4083056, 0.0027800612, 1.557102)
(0.22002085, 0.015457823, 0.40821272, 0.004566661, 1.5570107)
(0.22070141, 0.01632641, 0.4081235, 0.003132488, 1.5569468)
(0.21983029, 0.015486725, 0.408042, 0.003225606, 1.5568938)
(0.22168998, 0.017456032, 0.40794045, 0.0026372226, 1.5568113)
(0.21916647, 0.014892713, 0.40785858, 0.003444722, 1.5567427)
(0.22036214, 0.016016524, 0.40777972, 0.004557564, 1.5566552)
(0.2184768, 0.014331203, 0.40769905, 0.0029607096, 1.5565966)
(0.21990465, 0.015713258, 0.40761766, 0.0038256072, 1.5565288)
(0.2202065, 0.016164403, 0.40755296, 0.002656217, 1.5564587)
(0.21859537, 0.0145148635, 0.40746492, 0.0034804048, 1.5563908)
(0.21999769, 0.015960678, 0.40737247, 0.00350776, 1.5563407)
(0.21922258, 0.015116711, 0.40731353, 0.0044909595, 1.5562506)
(0.21861283, 0.014683273, 0.4072359, 0.0031161518, 1.5562143)
(0.22022238, 0.01639636, 0.4071414, 0.0025533403, 1.5561552)
(0.21794742, 0.01407685, 0.4070862, 0.0032747241, 1.5560627)
(0.2191216, 0.015306398, 0.4070353, 0.0029756702, 1.556019)
(0.21896546, 0.015171617, 0.40692902, 0.0032932733, 1.5559764)
(0.22032264, 0.016439527, 0.40684912, 0.0045855558, 1.5559235)
(0.21789038, 0.014116727, 0.40680268, 0.0037231161, 1.555825)
(0.21743122, 0.013728939, 0.40673018, 0.0033719179, 1.5557669)
(0.21769464, 0.014027068, 0.40664694, 0.0034409775, 1.555728)
(0.2179515, 0.014375707, 0.4066196, 0.0026599152, 1.5556388)
(0.21784878, 0.0141556645, 0.40654618, 0.004200202, 1.5555898)
(0.217656, 0.014078841, 0.40644318, 0.003555696, 1.5555736)
(0.2183398, 0.0147859305, 0.40637687, 0.0036544239, 1.5555291)
(0.2182968, 0.014636362, 0.40631318, 0.0050384984, 1.5554303)
(0.22006102, 0.016563993, 0.40625438, 0.0036984205, 1.5553763)
(0.21954547, 0.016107814, 0.4061854, 0.0034495764, 1.5553074)
(0.21791926, 0.014344951, 0.40613008, 0.0050927885, 1.5552646)
(0.21681884, 0.013362646, 0.40606827, 0.0042206272, 1.5552131)
(0.21734478, 0.013979452, 0.4060039, 0.0036338097, 1.555151)
(0.21703885, 0.01375282, 0.40594628, 0.0031289854, 1.5550961)
(0.21658996, 0.013137017, 0.40587568, 0.0051509473, 1.5550488)
(0.2158197, 0.012451462, 0.40582174, 0.004573652, 1.5549995)
(0.21602827, 0.012692419, 0.40576273, 0.0045448635, 1.5549623)
(0.2162126, 0.013001882, 0.40570167, 0.0035988283, 1.5549086)
(0.21686883, 0.013609761, 0.40565088, 0.004336305, 1.5548582)
(0.21636829, 0.0132073015, 0.40559435, 0.0036381648, 1.5548229)
(0.21823612, 0.014970544, 0.40551832, 0.0050640823, 1.5547715)
(0.21575123, 0.012644652, 0.40547803, 0.003675691, 1.5547076)
(0.2161369, 0.013081672, 0.4054193, 0.0034557977, 1.5546559)
(0.21538648, 0.012328281, 0.40535778, 0.003793026, 1.5546231)
(0.21546146, 0.012352705, 0.40530327, 0.004571162, 1.5545855)
(0.21806788, 0.015004791, 0.4052517, 0.004372397, 1.5545281)
(0.21637058, 0.013379073, 0.405186, 0.0039850697, 1.5544862)
(0.21853891, 0.015598694, 0.40513632, 0.0037205308, 1.5544263)
(0.21545163, 0.0125012975, 0.40508944, 0.00405607, 1.5543904)
(0.21498759, 0.012073576, 0.4050272, 0.004004029, 1.5543519)
(0.21635947, 0.013399462, 0.40497276, 0.0047361655, 1.5542902)
(0.2150859, 0.012312352, 0.40492105, 0.0031301286, 1.5542502)
(0.21445002, 0.011648262, 0.40486217, 0.0037067756, 1.5542088)
(0.2148236, 0.012005927, 0.40481526, 0.0041005528, 1.554161)
(0.21442184, 0.011639589, 0.40476918, 0.003976537, 1.5541096)
(0.21427538, 0.011570206, 0.40472052, 0.0034490586, 1.5540733)
(0.21450636, 0.011725222, 0.4046591, 0.004515822, 1.5540411)
(0.21729405, 0.014658464, 0.40459162, 0.003397848, 1.5539905)
(0.21466218, 0.01198359, 0.4045644, 0.00396388, 1.553934)
(0.21394484, 0.011361568, 0.404514, 0.003262613, 1.5538917)
(0.21345976, 0.01081717, 0.4044509, 0.004171427, 1.5538578)
(0.21584585, 0.01310415, 0.40439966, 0.005418748, 1.5538129)
(0.21384743, 0.0113284495, 0.40435475, 0.0034160125, 1.5537705)
(0.21349844, 0.01097766, 0.40430477, 0.0036838946, 1.553734)
(0.21354714, 0.010962451, 0.40425685, 0.0045625987, 1.5536783)
(0.21492364, 0.012513077, 0.4042151, 0.003030091, 1.5536375)
(0.2139118, 0.01150244, 0.40415868, 0.0033002715, 1.5535994)
(0.21394585, 0.011537631, 0.4041118, 0.0035231658, 1.5535564)
(0.21297435, 0.010621425, 0.4040649, 0.0032048495, 1.5535258)
(0.21263966, 0.010309486, 0.4040191, 0.0032063355, 1.5534762)
(0.21563113, 0.012924475, 0.40397102, 0.007211449, 1.5534326)
(0.21490663, 0.012601694, 0.4039297, 0.0034008853, 1.5533963)
(0.21558279, 0.013157802, 0.40387815, 0.0048590577, 1.5533688)
(0.21455495, 0.012334644, 0.40383154, 0.003045371, 1.5533334)
(0.21437573, 0.012100758, 0.40378878, 0.0038059598, 1.5532826)
(0.21263373, 0.010323083, 0.40374357, 0.0043886215, 1.5532382)
(0.21239121, 0.01026816, 0.40369517, 0.002754703, 1.5532016)
(0.21324348, 0.011080336, 0.40365312, 0.0033659358, 1.5531615)
(0.21664332, 0.014220912, 0.4036115, 0.0061664796, 1.5531377)
(0.213116, 0.01090844, 0.40357137, 0.0042188857, 1.5530978)
(0.21293668, 0.010856512, 0.40352303, 0.0031865244, 1.5530629)
(0.21252373, 0.010411963, 0.40348175, 0.0037089537, 1.5530212)
(0.21230543, 0.010262002, 0.4034422, 0.0032232732, 1.5529834)
(0.21250944, 0.010477766, 0.40339178, 0.0033577927, 1.5529425)
(0.21262175, 0.010685337, 0.4033535, 0.0025966095, 1.5529053)
(0.2134583, 0.0114875045, 0.40331367, 0.003139589, 1.552866)
(0.21190147, 0.009905061, 0.40327483, 0.003589982, 1.5528324)
(0.21184237, 0.009878242, 0.4032318, 0.0034823713, 1.5528011)
(0.21159075, 0.009695605, 0.40318534, 0.003024743, 1.5527639)
(0.21259591, 0.010659367, 0.40315324, 0.0035992484, 1.5527254)
(0.21184053, 0.009960471, 0.4031132, 0.0032345764, 1.5526941)
(0.21142119, 0.009654723, 0.40307313, 0.0022990177, 1.5526628)
(0.21212813, 0.010352064, 0.403037, 0.0025756955, 1.5526304)
(0.21352169, 0.011724932, 0.40299535, 0.0029908284, 1.552599)
(0.21314618, 0.0112360995, 0.40295482, 0.004326646, 1.5525542)
(0.2119565, 0.0101915905, 0.40292144, 0.0030419421, 1.5525262)
(0.2117292, 0.01004389, 0.40288264, 0.002439963, 1.5524895)
(0.2149353, 0.013055898, 0.4028521, 0.004533596, 1.5524511)
(0.21269216, 0.010994457, 0.40280765, 0.002938671, 1.5524254)
(0.21393164, 0.012161639, 0.40277597, 0.0038201506, 1.552391)
(0.21193844, 0.010220928, 0.4027443, 0.003453649, 1.5523603)
(0.21116303, 0.009537516, 0.40271232, 0.002693483, 1.5523349)
(0.21100026, 0.009281318, 0.40267283, 0.003825294, 1.5523033)
(0.21102576, 0.009313658, 0.40263847, 0.0039287154, 1.5522653)
(0.21161783, 0.01010951, 0.4026041, 0.002062621, 1.5522329)
(0.2118147, 0.010279023, 0.4025712, 0.0025008349, 1.5521967)
(0.21120925, 0.009710587, 0.40254313, 0.0022709887, 1.552166)
(0.21092471, 0.009382737, 0.4025195, 0.002822237, 1.5521295)
(0.21120408, 0.009613482, 0.4024911, 0.00345058, 1.5520954)
(0.21301974, 0.011288265, 0.4024632, 0.0049987757, 1.5520678)
(0.21235974, 0.010881543, 0.40243408, 0.002611617, 1.5520346)
(0.21186204, 0.010290867, 0.40240762, 0.0036736187, 1.5520041)
(0.21126935, 0.009816741, 0.40238446, 0.0026038587, 1.5519708)
(0.21046919, 0.009012062, 0.40236333, 0.0027546352, 1.5519398)
(0.213441, 0.011763645, 0.40233746, 0.005086229, 1.5519044)
(0.21432486, 0.012895614, 0.40232113, 0.0026868645, 1.551858)
(0.21198757, 0.010555139, 0.40230367, 0.0028059222, 1.5518193)
(0.21143745, 0.009996563, 0.40229198, 0.002948925, 1.5517844)
(0.2104036, 0.009045134, 0.4022699, 0.0022352107, 1.5517588)
(0.21009333, 0.008685608, 0.4022572, 0.0027912678, 1.551716)
(0.21313167, 0.011748828, 0.40224218, 0.0026175396, 1.5516682)
(0.21128482, 0.00990454, 0.40222022, 0.0027016306, 1.5516262)
(0.21063755, 0.009314569, 0.4022024, 0.0022179221, 1.5515841)
(0.21149528, 0.010065906, 0.40218207, 0.003383441, 1.5515443)
(0.21054985, 0.009221884, 0.40215752, 0.0024920925, 1.5515151)
(0.21026823, 0.0088869305, 0.40212446, 0.0031906753, 1.5514832)
(0.21238394, 0.011096778, 0.4020958, 0.0023926708, 1.5514506)
(0.21083094, 0.009598343, 0.4020533, 0.0020594408, 1.5514233)
(0.21250787, 0.011225901, 0.40201285, 0.0027555265, 1.5513886)
(0.21154338, 0.010276312, 0.40198085, 0.0027664849, 1.5513515)
(0.21035542, 0.009184347, 0.4019363, 0.0020292704, 1.5513219)
(0.21026596, 0.009102662, 0.40189242, 0.002170967, 1.5512916)
(0.21033652, 0.009093822, 0.4018554, 0.0031499965, 1.5512702)
(0.20957175, 0.008454318, 0.40181273, 0.0021106917, 1.5512505)
(0.20945549, 0.008317867, 0.4017727, 0.0025127511, 1.5512248)
(0.20992336, 0.008678165, 0.40172696, 0.0038170551, 1.5511901)
(0.21122305, 0.009792231, 0.40168598, 0.0058782464, 1.5511645)
(0.21154408, 0.010458641, 0.40165192, 0.0025947508, 1.5511391)
(0.21066077, 0.009627294, 0.4016133, 0.0022682245, 1.5511136)
(0.20931132, 0.0082556885, 0.40156966, 0.0027080285, 1.5510895)
(0.21230353, 0.011226105, 0.40153402, 0.0031042083, 1.5510674)
(0.210737, 0.009569901, 0.40149736, 0.0041841636, 1.5510424)
(0.21148932, 0.010541456, 0.4014582, 0.0021876404, 1.5510178)
(0.2103533, 0.009417135, 0.40142056, 0.0022588694, 1.5509987)
(0.20900947, 0.008043741, 0.4013833, 0.0027407992, 1.550973)
(0.20999801, 0.008888621, 0.40135145, 0.004336573, 1.5509404)
(0.20931588, 0.008445374, 0.40132055, 0.0021022884, 1.5509214)
(0.20901349, 0.00814881, 0.40128225, 0.0022354957, 1.5508996)
(0.20905085, 0.008081, 0.40124708, 0.0034630245, 1.550866)
(0.21136434, 0.010421112, 0.40120766, 0.0033940547, 1.5508431)
(0.21090281, 0.010092133, 0.4011755, 0.0022293085, 1.5508208)
(0.20980081, 0.008995535, 0.4011442, 0.0023317668, 1.5507956)
(0.21051426, 0.009737216, 0.40111095, 0.0022156597, 1.5507678)
(0.20888299, 0.008163324, 0.40107194, 0.001836942, 1.5507518)
(0.20939577, 0.008667892, 0.4010394, 0.0020818366, 1.5507232)
(0.20873511, 0.008018909, 0.40100932, 0.002115325, 1.5506935)
(0.20992567, 0.009014192, 0.40097666, 0.0042313877, 1.5506746)
(0.20827249, 0.0075312825, 0.40094638, 0.0026801664, 1.5506482)
(0.21076342, 0.010097036, 0.4009115, 0.0021063688, 1.5506276)
(0.20978309, 0.0090632755, 0.40088883, 0.0027539989, 1.5506005)
(0.20989391, 0.009197563, 0.4008517, 0.0027049636, 1.5505817)
(0.20846461, 0.007833099, 0.4008186, 0.0022221422, 1.5505605)
(0.20903045, 0.008386438, 0.4007895, 0.0024926336, 1.5505314)
(0.20876077, 0.008059678, 0.40076667, 0.0031775944, 1.5505064)
(0.2086438, 0.008106524, 0.40072992, 0.0017230553, 1.5504866)
(0.2088766, 0.008266237, 0.40069953, 0.0026059907, 1.5504651)
(0.2085596, 0.007958106, 0.40067363, 0.0026469007, 1.5504407)
(0.21125673, 0.010501061, 0.40064427, 0.0043353196, 1.5504146)
(0.21019834, 0.009602739, 0.4006112, 0.0029000356, 1.5503958)
(0.20980138, 0.009211574, 0.40058258, 0.0029851254, 1.5503712)
(0.20887196, 0.0083501, 0.40055585, 0.0024392968, 1.550345)
(0.20891513, 0.008393973, 0.4005256, 0.0025835754, 1.5503263)
(0.2083959, 0.007906808, 0.40049955, 0.0023931055, 1.5503043)
(0.2089774, 0.00844357, 0.40047163, 0.0029801023, 1.5502806)
(0.2088423, 0.00836576, 0.40044183, 0.0025563124, 1.5502537)
(0.20987497, 0.009452088, 0.40041566, 0.002150573, 1.5502348)
(0.2115689, 0.0110914, 0.40038773, 0.0028363506, 1.5502177)
(0.20826484, 0.007830035, 0.4003629, 0.0025335345, 1.5501884)
(0.20882803, 0.008190193, 0.40033194, 0.0047187223, 1.550167)
(0.20802678, 0.007645075, 0.40030596, 0.002287266, 1.5501461)
(0.20828678, 0.007944967, 0.40027875, 0.0020243183, 1.5501231)
(0.20886092, 0.008298554, 0.40025142, 0.004366535, 1.5500993)
(0.20915322, 0.008735791, 0.40022588, 0.0030448472, 1.550076)
(0.20793764, 0.00762561, 0.40020058, 0.002117401, 1.5500579)
(0.20772228, 0.007423939, 0.40017194, 0.0021236783, 1.5500364)
(0.21071017, 0.009921983, 0.40015072, 0.0071282433, 1.5500116)
(0.20967521, 0.00931216, 0.40012163, 0.0030223161, 1.5499957)
(0.20805392, 0.0075843427, 0.400099, 0.0042007123, 1.5499713)
(0.20839554, 0.00808617, 0.40006968, 0.002745234, 1.5499563)
(0.20829521, 0.008083336, 0.4000426, 0.0019057312, 1.5499334)
(0.20816064, 0.0078158025, 0.40001753, 0.0033606484, 1.5499048)
(0.20894144, 0.008675453, 0.39998728, 0.0027235502, 1.5498838)
(0.20728247, 0.0071108015, 0.39996445, 0.0018944435, 1.5498677)
(0.20846096, 0.00826509, 0.399939, 0.0022636743, 1.5498474)
(0.20760418, 0.0074376394, 0.39991766, 0.0020771816, 1.5498266)
(0.20830835, 0.008070155, 0.39989144, 0.0029248723, 1.5498055)
(0.2092681, 0.0091289785, 0.39987162, 0.0020331005, 1.5497801)
(0.20797294, 0.007856189, 0.39984477, 0.0019437448, 1.5497704)
(0.20750275, 0.0073946374, 0.39981544, 0.0020039182, 1.5497361)
(0.20706904, 0.0069496497, 0.3997974, 0.0022069085, 1.5497301)
(0.21041119, 0.009679727, 0.39977688, 0.008430303, 1.5497122)
(0.20886192, 0.008635555, 0.39974236, 0.003551853, 1.5496844)
(0.20733243, 0.0071878564, 0.39972398, 0.0028258683, 1.5496712)
(0.20869341, 0.008536968, 0.39970395, 0.0030447107, 1.5496359)
(0.21237364, 0.012167445, 0.39966938, 0.0037150553, 1.5496163)
(0.20701306, 0.0070145205, 0.39964965, 0.0017371523, 1.5496116)
(0.20790994, 0.007898711, 0.39963344, 0.001945181, 1.5495776)
(0.20627795, 0.006231648, 0.39959908, 0.0024676216, 1.5495613)
(0.2068392, 0.006687857, 0.39957905, 0.0036182741, 1.5495483)
(0.20899057, 0.009027343, 0.39955854, 0.0018395944, 1.5495174)
(0.2082251, 0.008231817, 0.39952922, 0.0022867797, 1.5495015)
(0.20652002, 0.006538522, 0.39950845, 0.0022727277, 1.5494809)
(0.20799458, 0.008005006, 0.399488, 0.0024557102, 1.5494574)
(0.20638685, 0.006422471, 0.39946032, 0.0023422411, 1.5494479)
(0.2122919, 0.012277456, 0.39943978, 0.0029455181, 1.5494269)
(0.20767875, 0.007748481, 0.39941832, 0.0022111183, 1.5493993)
(0.20793554, 0.007916303, 0.3993919, 0.003232954, 1.549385)
(0.20728293, 0.0073424983, 0.39937145, 0.002547107, 1.5493699)
(0.20903862, 0.009011853, 0.39935282, 0.0035035978, 1.5493459)
(0.20776896, 0.007855052, 0.39933038, 0.0024871728, 1.5493356)
(0.2080338, 0.008166401, 0.39930773, 0.002135372, 1.5493121)
(0.20654473, 0.006657917, 0.39928615, 0.0024374055, 1.5492873)
(0.20649236, 0.006605566, 0.3992603, 0.002566499, 1.5492764)
(0.20628418, 0.006483643, 0.39923862, 0.0018123584, 1.5492564)
(0.20725724, 0.0074460204, 0.39921978, 0.0020133308, 1.5492336)
(0.2077117, 0.007888373, 0.39919809, 0.0022428362, 1.5492201)
(0.20603877, 0.00619222, 0.39917594, 0.0025857901, 1.5492027)
(0.20638457, 0.006613637, 0.39915514, 0.0019336187, 1.5491838)
(0.20654489, 0.006718685, 0.39913547, 0.0025846465, 1.5491686)
(0.20881034, 0.009048608, 0.39911318, 0.0020514135, 1.5491465)
(0.20664458, 0.0068781516, 0.3990922, 0.002203335, 1.5491287)
(0.20765872, 0.007841995, 0.39907408, 0.0027969433, 1.5491103)
(0.20579217, 0.0060639842, 0.39905313, 0.0020162314, 1.5490943)
(0.2067312, 0.0069382004, 0.39903158, 0.0027720486, 1.5490752)
(0.20592113, 0.006219729, 0.39900774, 0.0019752888, 1.5490588)
(0.20749801, 0.007669916, 0.39899033, 0.0033292721, 1.5490415)
(0.20870027, 0.008964594, 0.3989723, 0.0024952537, 1.5490222)
(0.20726228, 0.0075470973, 0.3989523, 0.002390254, 1.549005)
(0.2055712, 0.0058837915, 0.3989303, 0.002222502, 1.5489955)
(0.20730743, 0.0074517275, 0.3989058, 0.004027883, 1.5489768)
(0.20641422, 0.0067115123, 0.39889842, 0.0025349834, 1.5489532)
(0.20589484, 0.006267423, 0.39887002, 0.0019240624, 1.5489397)
(0.20546092, 0.0058455723, 0.39885405, 0.0018833186, 1.5489227)
(0.20612557, 0.0064683184, 0.39883277, 0.0024086318, 1.5489025)
(0.20555551, 0.005935525, 0.39881063, 0.0021467702, 1.5488887)
(0.2084172, 0.008777622, 0.3987974, 0.0024088626, 1.5488664)
(0.20652388, 0.0069064843, 0.39877626, 0.0022926829, 1.5488551)
(0.20575017, 0.0060938923, 0.3987572, 0.0027767755, 1.5488403)
(0.20514634, 0.0055544074, 0.39874008, 0.0022189512, 1.5488126)
(0.20561299, 0.0060642594, 0.39872217, 0.0018764064, 1.5488026)
(0.20507905, 0.0054886993, 0.39869368, 0.0024351217, 1.548791)
(0.2068913, 0.007339662, 0.39867735, 0.0021295492, 1.54877)
(0.2061703, 0.00659032, 0.39866757, 0.0024619608, 1.5487565)
(0.20543543, 0.005790059, 0.39864206, 0.0032432755, 1.5487443)
(0.20620848, 0.0066871913, 0.39863098, 0.0020580806, 1.548718)
(0.20613451, 0.00665675, 0.39861774, 0.0016888999, 1.548721)
(0.20568328, 0.006102111, 0.398588, 0.002871624, 1.5486994)
(0.20592394, 0.0064485455, 0.39857703, 0.0018687944, 1.548671)
(0.20687787, 0.007396815, 0.39856106, 0.0020052348, 1.5486722)
(0.20864697, 0.008968273, 0.39853954, 0.004089268, 1.5486479)
(0.20609665, 0.0065892152, 0.3985262, 0.002443325, 1.5486248)
(0.2059611, 0.0064726584, 0.3985116, 0.0023263749, 1.5486269)
(0.20649582, 0.0070242817, 0.39848998, 0.0022654156, 1.5485997)
(0.20523141, 0.005803722, 0.3984711, 0.0019214677, 1.5485861)
(0.20585316, 0.006396877, 0.39845634, 0.0022811533, 1.5485823)
(0.20572647, 0.0063165193, 0.3984393, 0.0019030413, 1.5485553)
(0.20780797, 0.008251098, 0.39842004, 0.0034685452, 1.548542)
(0.20540513, 0.0059913597, 0.39840937, 0.0020908306, 1.5485344)
(0.2046236, 0.0051987274, 0.39838988, 0.0022993598, 1.5485103)
(0.20494188, 0.005537153, 0.39837196, 0.0021874348, 1.5484971)
(0.20527951, 0.0058137863, 0.39835742, 0.0028701285, 1.5484924)
(0.20728177, 0.0074442048, 0.39833993, 0.006675994, 1.5484687)
(0.20570512, 0.006253356, 0.3983199, 0.002918132, 1.548454)
(0.20432584, 0.004934559, 0.39830807, 0.0023724604, 1.5484459)
(0.20462419, 0.005293901, 0.39829326, 0.0018365476, 1.5484219)
(0.20417748, 0.004814354, 0.39827377, 0.0022625183, 1.5484099)
(0.20626317, 0.0068837926, 0.398255, 0.0025188874, 1.5484047)
(0.20813325, 0.008787432, 0.3982401, 0.0022577515, 1.5483875)
(0.20649953, 0.0071465457, 0.39822534, 0.0024031186, 1.5483665)
(0.20489997, 0.0055135065, 0.39820945, 0.0028173546, 1.54836)
(0.20442359, 0.005140363, 0.39819595, 0.0018525297, 1.5483416)
(0.20640972, 0.00713057, 0.3981799, 0.0018920893, 1.5483265)
(0.20559968, 0.0062413514, 0.39816535, 0.0027566168, 1.5483198)
(0.20488234, 0.005506369, 0.39814708, 0.0030242833, 1.5483027)
(0.20434228, 0.005014868, 0.39812988, 0.0026246002, 1.548285)
(0.20586437, 0.0066108773, 0.3981167, 0.0019513546, 1.5482742)
(0.20522192, 0.0059749167, 0.39810112, 0.001964442, 1.54826)
(0.2064089, 0.0071388953, 0.3980873, 0.0022636256, 1.5482438)
(0.20443445, 0.0051995013, 0.39807218, 0.001988593, 1.5482327)
(0.20697646, 0.007662245, 0.39805815, 0.0028513835, 1.5482191)
(0.20495568, 0.0057242354, 0.3980439, 0.0020949186, 1.5482044)
(0.2076825, 0.008449494, 0.39803004, 0.002179889, 1.5481893)
(0.20621724, 0.006877484, 0.39801553, 0.0033200062, 1.5481817)
(0.20404705, 0.004708773, 0.39800248, 0.0033704513, 1.5481653)
(0.20731282, 0.0077650105, 0.3979871, 0.005542626, 1.5481563)
(0.20560302, 0.006383222, 0.3979715, 0.002340428, 1.54815)
(0.20602632, 0.006508779, 0.39796007, 0.0053750817, 1.5481311)
(0.20377691, 0.0046002073, 0.3979411, 0.002061411, 1.5481166)
(0.20772274, 0.00852417, 0.39792445, 0.0023634685, 1.5481052)
(0.20529239, 0.005950135, 0.3979174, 0.0038355659, 1.5480825)
(0.20348896, 0.0042623207, 0.39790133, 0.0027598117, 1.5480771)
(0.20376745, 0.0045396695, 0.39788893, 0.002833126, 1.548066)
(0.20462745, 0.005464143, 0.39787626, 0.002251795, 1.5480468)
(0.20316274, 0.0040293867, 0.39785865, 0.0020403177, 1.5480399)
(0.20475721, 0.005441229, 0.39784572, 0.0039313454, 1.5480285)
(0.20574994, 0.006533994, 0.3978355, 0.0029820497, 1.5480129)
(0.20477073, 0.005551593, 0.39782196, 0.0030815275, 1.548007)
(0.20381391, 0.0046327063, 0.39780787, 0.0027726707, 1.5479903)
(0.20426352, 0.0051938305, 0.3977967, 0.0017134468, 1.5479746)
(0.20312652, 0.004073985, 0.39778233, 0.0016136968, 1.5479746)
(0.20880836, 0.009633113, 0.39776886, 0.00290827, 1.5479535)
(0.20557697, 0.0064387545, 0.39775494, 0.0026075076, 1.5479398)
(0.20497666, 0.0057732416, 0.39774412, 0.0033136737, 1.5479375)
(0.2054895, 0.006435779, 0.3977292, 0.0018912349, 1.5479137)
(0.20338057, 0.004304426, 0.39771783, 0.0021723383, 1.5479048)
(0.20368324, 0.0046704, 0.39770293, 0.0016137173, 1.5479021)
(0.20344958, 0.004404411, 0.39769226, 0.0019902957, 1.5478783)
(0.20399183, 0.0049746474, 0.3976767, 0.0017883402, 1.5478711)
(0.20384409, 0.0048254933, 0.397665, 0.001860908, 1.5478644)
(0.20492966, 0.005898396, 0.3976536, 0.0020446398, 1.5478476)
(0.21165097, 0.012616711, 0.39764237, 0.0021306495, 1.5478375)
(0.20413135, 0.0051478334, 0.39762574, 0.0017064081, 1.547832)
(0.20418581, 0.005103674, 0.39761236, 0.0027595654, 1.5478201)
(0.20434408, 0.0052965414, 0.39760447, 0.002453062, 1.5478002)
(0.20359094, 0.0046168314, 0.3975893, 0.0017946321, 1.5477906)
(0.20343375, 0.0044682585, 0.39757842, 0.0017628458, 1.5477803)
(0.20314679, 0.004125259, 0.39756978, 0.0023664434, 1.5477659)
(0.20329645, 0.0043710517, 0.39755273, 0.0014903387, 1.5477573)
(0.2064833, 0.007507554, 0.3975437, 0.0020390106, 1.5477514)
(0.20305209, 0.0040619588, 0.39753687, 0.0022169393, 1.5477332)
(0.20230116, 0.0033203606, 0.39751816, 0.0022172192, 1.5477209)
(0.20272028, 0.0036885536, 0.39751124, 0.0027611149, 1.5477173)
(0.20313308, 0.0041880906, 0.3975011, 0.0019443268, 1.5477017)
(0.20535953, 0.00639161, 0.39748478, 0.0022552796, 1.5476952)
(0.20303324, 0.0040662913, 0.39747715, 0.0022837385, 1.5476904)
(0.2032814, 0.0042870585, 0.39746863, 0.0026003192, 1.5476713)
(0.2028302, 0.003955652, 0.39745498, 0.0014704961, 1.5476613)
(0.20194548, 0.0029785945, 0.39744356, 0.0024510075, 1.547661)
(0.20482257, 0.005852082, 0.39743066, 0.0025515577, 1.5476438)
(0.20708753, 0.00810314, 0.3974188, 0.0027499232, 1.547632)
(0.20565142, 0.00659854, 0.3974054, 0.0035019112, 1.5476239)
(0.20389728, 0.0049782507, 0.39739418, 0.0022193629, 1.5476074)
(0.20310369, 0.004152779, 0.39738405, 0.002588918, 1.5475998)
(0.20349506, 0.0044990554, 0.3973713, 0.0031036052, 1.5475883)
(0.20551161, 0.00661809, 0.3973616, 0.002127187, 1.547581)
(0.20421207, 0.005183948, 0.39735195, 0.0035214154, 1.547572)
(0.20388523, 0.0050169583, 0.39733863, 0.0019895923, 1.547557)
(0.2034825, 0.004609681, 0.39732978, 0.0020792407, 1.5475526)
(0.20324764, 0.004381658, 0.39731842, 0.0020676209, 1.5475416)
(0.20408633, 0.005206587, 0.39731026, 0.002246201, 1.5475272)
(0.20335251, 0.004375892, 0.39729765, 0.0032779796, 1.5475267)
(0.20177528, 0.0029450306, 0.3972874, 0.001865461, 1.547515)
(0.20255807, 0.003764187, 0.39727762, 0.0015506761, 1.5475035)
(0.2025601, 0.003700153, 0.3972628, 0.0022853427, 1.5475011)
(0.20370865, 0.0049073617, 0.3972574, 0.001725855, 1.5474863)
(0.20326953, 0.0044206483, 0.3972471, 0.0022533054, 1.547477)
(0.20606385, 0.0071336403, 0.39723322, 0.0031360465, 1.5474719)
(0.20336214, 0.0043883743, 0.3972263, 0.0036060852, 1.5474579)
(0.20344941, 0.004621531, 0.3972183, 0.0021873526, 1.5474471)
(0.20200346, 0.0031917081, 0.39720348, 0.0021001142, 1.5474393)
(0.20106456, 0.0022648396, 0.3971967, 0.00201367, 1.5474305)
(0.20148718, 0.002670055, 0.39718604, 0.0022410909, 1.5474191)
(0.20171754, 0.0029355953, 0.39717323, 0.0019533294, 1.5474128)
(0.2020741, 0.0032078186, 0.39716908, 0.0028174252, 1.5474061)
(0.20349526, 0.0047054896, 0.3971534, 0.0021307515, 1.5473962)
(0.20172471, 0.0029426706, 0.3971422, 0.0021094372, 1.5473908)
(0.20116667, 0.0023833716, 0.39714047, 0.002130718, 1.5473768)
(0.20113695, 0.0023782062, 0.3971237, 0.0019689423, 1.547369)
(0.20194806, 0.0030866845, 0.39711505, 0.0030385703, 1.547366)
(0.20356388, 0.004761897, 0.39711303, 0.0024547882, 1.5473523)
(0.20163493, 0.0029184283, 0.3970945, 0.0016926317, 1.547348)
(0.20110933, 0.002376901, 0.39709187, 0.0018650456, 1.5473421)
(0.20243077, 0.0037063141, 0.39708263, 0.0018313794, 1.547323)
(0.2016157, 0.0027922695, 0.3970678, 0.002895482, 1.5473256)
(0.20090255, 0.0021312055, 0.39706752, 0.0023758407, 1.5473175)
(0.20296864, 0.0042432277, 0.39705384, 0.001985008, 1.5472968)
(0.20177904, 0.002863989, 0.3970416, 0.003942511, 1.5473051)
(0.20130421, 0.0025966866, 0.39703816, 0.0018844961, 1.5472955)
(0.20177314, 0.0030883271, 0.39702633, 0.0017164717, 1.5472764)
(0.2012499, 0.0025574833, 0.3970182, 0.0018330966, 1.5472803)
(0.20334664, 0.0046722246, 0.39700913, 0.0016984858, 1.5472689)
(0.2065417, 0.0073683094, 0.39700198, 0.006723972, 1.5472535)
(0.20238863, 0.003657998, 0.39699054, 0.0023535523, 1.5472584)
(0.20122838, 0.002468585, 0.3969776, 0.002709942, 1.5472472)
(0.20126212, 0.002527731, 0.39697647, 0.0024614907, 1.547228)
(0.20228711, 0.003604824, 0.39696223, 0.0020117476, 1.54723)
(0.20139976, 0.0027119634, 0.39695194, 0.0021182916, 1.547222)
(0.20106772, 0.0023960287, 0.39694858, 0.001973977, 1.5472116)
(0.20176525, 0.0030066776, 0.3969352, 0.002909848, 1.5472069)
(0.20080154, 0.0021493887, 0.39692426, 0.0019002322, 1.5472015)
(0.20089756, 0.002169521, 0.3969202, 0.0026792977, 1.5471926)
(0.20118736, 0.002577623, 0.39690852, 0.0015547089, 1.5471857)
(0.20596129, 0.0072449446, 0.39689738, 0.002676531, 1.5471803)
(0.20402804, 0.005252458, 0.396891, 0.0033008745, 1.5471687)
(0.200366, 0.0017288299, 0.39688534, 0.001945054, 1.5471559)
(0.2019229, 0.0029527606, 0.3968775, 0.005313835, 1.5471506)
(0.20332569, 0.004544134, 0.3968674, 0.0034785806, 1.5471497)
(0.20126805, 0.0024676966, 0.39686322, 0.003687431, 1.54714)
(0.20301896, 0.0040576225, 0.39685065, 0.0053602257, 1.5471315)
(0.20118476, 0.002535662, 0.3968439, 0.0022714648, 1.5471296)
(0.201297, 0.0026553846, 0.39684188, 0.0022068033, 1.5471182)
(0.20477624, 0.006128246, 0.39682958, 0.0023321165, 1.547111)
(0.20117803, 0.0025527512, 0.39682156, 0.0021449926, 1.5471123)
(0.202744, 0.0040679295, 0.3968197, 0.0026622612, 1.5471021)
(0.20297697, 0.004184454, 0.39680701, 0.0038900415, 1.54709)
(0.20152183, 0.0029214057, 0.39679897, 0.0020094176, 1.54709)
(0.20161392, 0.003015955, 0.39679694, 0.001994955, 1.5470818)
(0.20092773, 0.0023170272, 0.3967884, 0.0021651152, 1.5470715)
(0.19980912, 0.0011979825, 0.39677814, 0.0022206325, 1.5470762)
(0.20066759, 0.0020998337, 0.39677095, 0.001822855, 1.5470668)
(0.20038472, 0.0017982672, 0.396764, 0.002044561, 1.5470543)
(0.20174854, 0.0031787087, 0.3967543, 0.0019267437, 1.5470548)
(0.2037654, 0.005048451, 0.39674848, 0.003427178, 1.5470476)
(0.20141892, 0.0028715609, 0.39674142, 0.0017664339, 1.5470374)
(0.20123239, 0.002686218, 0.39673516, 0.0017859051, 1.5470344)
(0.20230506, 0.0037703994, 0.39672568, 0.0017181502, 1.5470276)
(0.2007803, 0.0021990386, 0.39671814, 0.0022218812, 1.5470172)
(0.2022784, 0.0037035544, 0.39671254, 0.0021858471, 1.5470152)
(0.20062374, 0.0020933405, 0.3967054, 0.0017770149, 1.5470096)
(0.2010855, 0.002507737, 0.3967023, 0.0022660806, 1.547001)
(0.19996816, 0.0014169621, 0.3966908, 0.0020580268, 1.5469998)
(0.20107365, 0.002545488, 0.39668438, 0.0018596556, 1.5469909)
(0.20107992, 0.00258248, 0.39668277, 0.0015605342, 1.5469873)
(0.20021722, 0.0017175227, 0.396673, 0.0016319192, 1.546979)
(0.2001931, 0.0016986873, 0.39666522, 0.0016180882, 1.5469792)
(0.20200923, 0.0034829727, 0.39666295, 0.0019477815, 1.5469699)
(0.200826, 0.002278991, 0.39665338, 0.0022031488, 1.5469579)
(0.19949055, 0.000963643, 0.3966484, 0.00202696, 1.5469656)
(0.20275232, 0.003910027, 0.39664632, 0.0051913476, 1.5469496)
(0.200699, 0.0022288193, 0.3966359, 0.0015223204, 1.5469444)
(0.20122264, 0.0027284648, 0.39663222, 0.0017807139, 1.5469524)
(0.20234609, 0.003832804, 0.39662984, 0.001983687, 1.5469322)
(0.19977474, 0.0013287843, 0.3966205, 0.0013569493, 1.546932)
(0.20144092, 0.0030041202, 0.396616, 0.0012879601, 1.5469398)
(0.20191666, 0.0034337672, 0.39661038, 0.0017771199, 1.5469209)
(0.19968706, 0.0011518609, 0.39660284, 0.0023377985, 1.5469168)
(0.19954641, 0.0010598493, 0.39659643, 0.0018834592, 1.5469264)
(0.19935389, 0.0008920104, 0.39659345, 0.0016515646, 1.5469015)
(0.20093197, 0.0025049248, 0.39658627, 0.0013390637, 1.5468998)
(0.20069943, 0.002160551, 0.396578, 0.002498742, 1.5469072)
(0.19983461, 0.0014186886, 0.396578, 0.0012692286, 1.5468884)
(0.19945668, 0.0010483388, 0.3965692, 0.0012374176, 1.546886)
(0.19964957, 0.0012298536, 0.39656168, 0.0013887717, 1.546892)
(0.2011098, 0.0026705805, 0.39656067, 0.0015888042, 1.5468807)
(0.20021829, 0.0017448002, 0.39655498, 0.0019600086, 1.5468693)
(0.20007913, 0.0015942452, 0.39654344, 0.002131575, 1.5468768)
(0.1998766, 0.001374963, 0.39654195, 0.0023066506, 1.5468686)
(0.20037988, 0.0019917511, 0.39653763, 0.0011930522, 1.5468512)
(0.19950876, 0.0011163686, 0.39652956, 0.0012760388, 1.5468656)
(0.20011508, 0.001693659, 0.39652687, 0.0015798856, 1.546852)
(0.20586352, 0.0071611083, 0.39652532, 0.004397551, 1.5468386)
(0.2017745, 0.0031693832, 0.39651483, 0.0034769345, 1.546854)
(0.20040366, 0.001971631, 0.39651346, 0.0017530404, 1.5468336)
(0.19965021, 0.0012297677, 0.39651105, 0.0016491859, 1.5468378)
(0.20185463, 0.003260811, 0.3965015, 0.0034306254, 1.5468358)
(0.20018975, 0.0017456196, 0.39649776, 0.0019526009, 1.5468202)
(0.19929838, 0.00089174026, 0.3964958, 0.00158753, 1.5468367)
(0.19913258, 0.0007149788, 0.39649066, 0.0017227243, 1.5468084)
(0.2005776, 0.0021961706, 0.39648417, 0.0013934865, 1.5468123)
(0.20021552, 0.0017052355, 0.39648008, 0.0027024471, 1.5468268)
(0.19976918, 0.0013626299, 0.39647797, 0.001675728, 1.54679)
(0.1994311, 0.0010484072, 0.39646983, 0.0014779005, 1.5468051)
(0.19995098, 0.0014759022, 0.3964647, 0.0024272646, 1.5468111)
(0.19978508, 0.0014015983, 0.39646217, 0.0015239182, 1.546777)
(0.20057754, 0.0022002165, 0.39645532, 0.0014966492, 1.5467932)
(0.19942348, 0.0010056951, 0.39644948, 0.0019304747, 1.546792)
(0.19898234, 0.0006299231, 0.39644665, 0.0012910252, 1.5467694)
(0.20023435, 0.0018571189, 0.39644262, 0.0015591914, 1.5467787)
(0.20081112, 0.0020785695, 0.39643776, 0.0051367176, 1.546775)
(0.20048206, 0.0021227251, 0.396429, 0.0014482826, 1.5467662)
(0.19937305, 0.0010338766, 0.39643434, 0.00122003, 1.5467674)
(0.20052688, 0.0021869855, 0.39642185, 0.0012896648, 1.5467601)
(0.2001995, 0.0018460539, 0.39641535, 0.00145763, 1.5467608)
(0.20032404, 0.0019493066, 0.39642403, 0.0016272733, 1.5467538)
(0.20030253, 0.0019708364, 0.39640802, 0.001276803, 1.5467446)
(0.20008785, 0.0017476989, 0.39640376, 0.0013826581, 1.54675)
(0.1998846, 0.0015635935, 0.39641112, 0.0011543946, 1.5467448)
(0.20194699, 0.003633257, 0.39639693, 0.0011526729, 1.5467296)
(0.200101, 0.001771827, 0.39639404, 0.0013215191, 1.5467415)
(0.20136581, 0.002945378, 0.3963973, 0.002217961, 1.5467358)
(0.19969755, 0.0013393164, 0.3963876, 0.001644405, 1.5467137)
(0.19905326, 0.0007097848, 0.39638397, 0.0015148234, 1.5467308)
(0.19887565, 0.00056539575, 0.39638567, 0.0011742108, 1.5467262)
(0.20001055, 0.0016844703, 0.3963766, 0.0013778062, 1.546704)
(0.2015846, 0.0032967948, 0.3963721, 0.0010176117, 1.5467203)
(0.20422316, 0.0052113626, 0.39637133, 0.008261334, 1.5467213)
(0.20099457, 0.0025483859, 0.39636138, 0.0026548998, 1.5466943)
(0.19991723, 0.0015331801, 0.3963611, 0.00203484, 1.5467061)
(0.19922511, 0.0008694532, 0.39635375, 0.001787865, 1.5467083)
(0.19931021, 0.00091617694, 0.3963471, 0.0022047728, 1.5466822)
(0.1988898, 0.0005448657, 0.39635187, 0.0016900499, 1.5466895)
(0.19969113, 0.0014103942, 0.39633453, 0.0011346929, 1.5466967)
(0.20034124, 0.0020193672, 0.39633393, 0.0015490144, 1.5466748)
(0.20027702, 0.001891419, 0.39633253, 0.0021932833, 1.5466747)
(0.1990086, 0.0007057604, 0.39630777, 0.0014895292, 1.5466844)
(0.1995824, 0.0011664733, 0.3963021, 0.0026486753, 1.5466809)
(0.20346358, 0.0045242896, 0.3963041, 0.00787238, 1.5466766)
(0.2021349, 0.0038413918, 0.3962793, 0.0015386872, 1.5466745)
(0.19968978, 0.0013228187, 0.39628652, 0.0022369693, 1.5466624)
(0.19961746, 0.001337931, 0.39629507, 0.0013199495, 1.5466434)
(0.19903556, 0.0007643978, 0.39627242, 0.0013494454, 1.5466411)
(0.19893697, 0.000674593, 0.3962767, 0.0012401816, 1.5466461)
(0.19899434, 0.0007490135, 0.39628246, 0.0010408895, 1.5466273)
(0.20088257, 0.0026297218, 0.3962643, 0.0012068402, 1.5466242)
(0.20185086, 0.0035136053, 0.3962673, 0.00203608, 1.5466348)
(0.19982158, 0.0015037544, 0.396271, 0.0018233315, 1.5466156)
(0.19996749, 0.0016829881, 0.39625528, 0.001568582, 1.5466113)
(0.20143868, 0.003010552, 0.39625576, 0.0030024196, 1.546625)
(0.19911526, 0.0008099376, 0.39625835, 0.0017614121, 1.5466061)
(0.19936514, 0.0011281045, 0.396248, 0.0011302149, 1.5466012)
(0.19977018, 0.0015427903, 0.39624625, 0.0010425769, 1.5466137)
(0.19899634, 0.00076937355, 0.39624828, 0.0010281934, 1.5466001)
(0.19910932, 0.00085171324, 0.39624143, 0.0013688621, 1.5465928)
(0.20162113, 0.0033856183, 0.39623672, 0.0011715645, 1.5466051)
(0.19992888, 0.0016221579, 0.39624, 0.0018672973, 1.5465938)
(0.19889511, 0.0006584085, 0.39623487, 0.0011926533, 1.5465846)
(0.19922908, 0.0010066685, 0.3962295, 0.0010765427, 1.5465901)
(0.19922502, 0.0009943696, 0.3962319, 0.0011470945, 1.5465865)
(0.1991682, 0.0009060152, 0.3962257, 0.0014933967, 1.5465776)
(0.19921787, 0.0010031381, 0.39622232, 0.0010356959, 1.5465792)
(0.20140521, 0.0031086537, 0.39622432, 0.0018439954, 1.5465801)
(0.19983448, 0.0015835376, 0.3962177, 0.0014209826, 1.5465701)
(0.19937699, 0.0011621338, 0.39621782, 0.0010594632, 1.5465665)
(0.19909877, 0.00088001095, 0.39621204, 0.0011273195, 1.5465755)
(0.19884187, 0.0005689215, 0.39620906, 0.0016841571, 1.546563)
(0.20211962, 0.003782591, 0.39621234, 0.002308647, 1.5465565)
(0.20187294, 0.0036300137, 0.39620015, 0.0014286304, 1.546567)
(0.20058116, 0.0023270615, 0.39620236, 0.0015293071, 1.5465565)
(0.19969848, 0.0014583537, 0.39620215, 0.0013905517, 1.5465488)
(0.1991026, 0.00087665016, 0.39619306, 0.0012941379, 1.5465544)
(0.19894198, 0.00071937614, 0.39619327, 0.0012596613, 1.5465508)
(0.20117596, 0.0029534344, 0.39619306, 0.0012599477, 1.5465431)
(0.20139885, 0.00298547, 0.39618823, 0.0031925905, 1.5465459)
(0.20182703, 0.003613191, 0.3961826, 0.0012254581, 1.5465431)
(0.20018683, 0.0017893568, 0.39618778, 0.0030358932, 1.5465379)
(0.19985154, 0.0016327151, 0.39618018, 0.0012874184, 1.5465344)
(0.199071, 0.0008816981, 0.39617684, 0.0010089013, 1.5465333)
(0.20038594, 0.002162826, 0.39618158, 0.0013232671, 1.5465362)
(0.20137177, 0.0031587582, 0.39616948, 0.0012826733, 1.5465263)
(0.19973445, 0.0015285208, 0.39617208, 0.0011989102, 1.5465274)
(0.19893584, 0.00073510746, 0.3961713, 0.001150735, 1.5465354)
(0.19942373, 0.0012546261, 0.39616153, 0.00088348467, 1.5465146)
(0.19924662, 0.0010726522, 0.3961682, 0.0008985734, 1.5465178)
(0.20253868, 0.0043470664, 0.39615703, 0.0011311066, 1.546528)
(0.20102659, 0.0027023633, 0.3961547, 0.0024687767, 1.5465026)
(0.20295382, 0.0044205366, 0.3961604, 0.004530771, 1.5465118)
(0.20064074, 0.002267846, 0.39614606, 0.002998652, 1.5465182)
(0.1996009, 0.0013642879, 0.39615127, 0.0016097686, 1.5464983)
(0.19897869, 0.00076235324, 0.39615107, 0.001408025, 1.5465114)
(0.19873787, 0.0005517399, 0.39614046, 0.0011590051, 1.5465069)
(0.19883217, 0.0006660084, 0.3961461, 0.0009311504, 1.5464959)
(0.19883846, 0.0006601756, 0.39614606, 0.0010525408, 1.5464983)
(0.19867335, 0.0004851709, 0.3961362, 0.0012008057, 1.5464963)
(0.20149249, 0.0032567289, 0.39613795, 0.0016677924, 1.5464972)
(0.19989607, 0.0014855432, 0.3961362, 0.0034243185, 1.5464923)
(0.19905147, 0.000851174, 0.3961289, 0.0013585539, 1.5464945)
(0.1988963, 0.00069399516, 0.39613295, 0.0013583405, 1.5464898)
(0.19879824, 0.00062649854, 0.39613014, 0.0010666744, 1.5464803)
(0.20035522, 0.00217479, 0.3961203, 0.0012027314, 1.5464926)
(0.19909701, 0.00091841794, 0.39612606, 0.001155609, 1.5464822)
(0.19869906, 0.00056136143, 0.39611602, 0.000796845, 1.5464754)
(0.19852781, 0.0003857392, 0.39611176, 0.0008619677, 1.5464935)
(0.20004572, 0.0018991658, 0.39611363, 0.00089737517, 1.5464705)
(0.20261809, 0.0044117235, 0.39611128, 0.0015072501, 1.5464619)
(0.19985594, 0.0015956078, 0.39610982, 0.0020541418, 1.5464821)
(0.19961607, 0.0014217163, 0.39610985, 0.0013944098, 1.5464592)
(0.19936083, 0.0010889935, 0.3960979, 0.0022289415, 1.5464599)
(0.19900946, 0.000816375, 0.39610767, 0.0013925872, 1.5464782)
(0.19916594, 0.00096597767, 0.39609644, 0.0015174185, 1.5464568)
(0.19962303, 0.0014430574, 0.39609697, 0.0013148205, 1.5464458)
(0.19981599, 0.0014203619, 0.39609906, 0.0034609996, 1.5464803)
(0.20072271, 0.0024926756, 0.3960888, 0.0018563392, 1.5464486)
(0.19934721, 0.0011496088, 0.396095, 0.0015010731, 1.5464458)
(0.19883429, 0.0006662514, 0.396091, 0.0012253178, 1.5464754)
(0.19897246, 0.0008297352, 0.3960929, 0.0009627649, 1.5464377)
(0.1990376, 0.0009081447, 0.39609212, 0.0008339183, 1.5464426)
(0.20060389, 0.0024244026, 0.39608222, 0.0013837956, 1.5464656)
(0.2018141, 0.0033240002, 0.39608407, 0.004480628, 1.5464381)
(0.19961882, 0.0014004334, 0.3960869, 0.0017493755, 1.5464381)
(0.1990743, 0.0008522327, 0.39607382, 0.001851534, 1.5464501)
(0.19880103, 0.0006637338, 0.3960738, 0.0010039514, 1.5464356)
(0.19995432, 0.0018356645, 0.39607456, 0.00081370794, 1.5464342)
(0.19999574, 0.0018122336, 0.396064, 0.0015150094, 1.5464363)
(0.19963217, 0.0014903164, 0.39606598, 0.0010885997, 1.5464311)
(0.19871332, 0.0005777909, 0.39606285, 0.001041084, 1.5464314)
(0.1986348, 0.00050141267, 0.39605498, 0.0010589716, 1.5464334)
(0.19992943, 0.0017813086, 0.39607027, 0.001129901, 1.5464145)
(0.19880164, 0.0006550895, 0.39605802, 0.001175372, 1.5464238)
(0.19855788, 0.00046057993, 0.3960439, 0.0007535559, 1.5464406)
(0.20142195, 0.0032380396, 0.39607334, 0.0014724182, 1.5463967)
(0.19961524, 0.0014436047, 0.3960371, 0.0015308491, 1.5464406)
(0.19922774, 0.0011092892, 0.3960443, 0.0009628409, 1.546441)
(0.19905722, 0.00088901125, 0.39607856, 0.001289383, 1.5463772)
(0.20095979, 0.0027781762, 0.39604658, 0.0015832151, 1.5464182)
(0.20136915, 0.0031784489, 0.3960345, 0.0017345283, 1.5464383)
(0.20105775, 0.0028623962, 0.39606094, 0.0016488384, 1.546387)
(0.19918223, 0.0010169471, 0.3960349, 0.0014783738, 1.5464132)
(0.19881812, 0.0006695705, 0.39603364, 0.0013172356, 1.5464228)
(0.19863759, 0.00047941162, 0.39605, 0.0013316857, 1.5463897)
(0.1990169, 0.0008391485, 0.39603633, 0.0015959416, 1.5463948)
(0.19954227, 0.0012076162, 0.39602464, 0.0032232734, 1.5464115)
(0.19999376, 0.0017434503, 0.39603135, 0.0023463492, 1.5464005)
(0.19916235, 0.0010442933, 0.396023, 0.0010654624, 1.5463859)
(0.19888352, 0.0007835191, 0.39601827, 0.00090865104, 1.5463963)
(0.19927108, 0.0011832286, 0.3960192, 0.0007825944, 1.546401)
(0.19882233, 0.00062516925, 0.39601392, 0.0019020765, 1.5463784)
(0.1996879, 0.0015772008, 0.39601445, 0.0010346702, 1.5463839)
(0.19946687, 0.0013718226, 0.39600682, 0.0009163963, 1.546398)
(0.19921334, 0.0010603745, 0.39600432, 0.0015080665, 1.5463758)
(0.19971837, 0.0015963714, 0.39601016, 0.0011692002, 1.5463773)
(0.20000902, 0.0019205923, 0.39599586, 0.00090494944, 1.546386)
(0.20291796, 0.004574038, 0.39599565, 0.0034609484, 1.5463697)
(0.20118263, 0.0028438198, 0.39600566, 0.00335985, 1.5463724)
(0.19933765, 0.001195807, 0.39599007, 0.0014679534, 1.5463724)
(0.19994834, 0.0018248619, 0.39599136, 0.0012779677, 1.5463645)
(0.20067121, 0.0025692661, 0.39599574, 0.0010407795, 1.5463744)
(0.20090593, 0.0026356848, 0.3959859, 0.0027730307, 1.5463626)
(0.1997533, 0.0015862102, 0.3959881, 0.0017304256, 1.5463582)
(0.19893675, 0.00083936856, 0.395984, 0.0010537605, 1.5463742)
(0.19962345, 0.0015425262, 0.39598083, 0.0009050496, 1.5463545)
(0.20006359, 0.0019999093, 0.39598393, 0.00071702176, 1.5463502)
(0.19997324, 0.0017352956, 0.395972, 0.002519424, 1.5463692)
(0.19896144, 0.0008771083, 0.395976, 0.0009631963, 1.5463506)
(0.20149007, 0.0031949505, 0.3959781, 0.0030607823, 1.5463448)
(0.20094763, 0.002848054, 0.3959632, 0.0011798461, 1.546358)
(0.20047642, 0.0022484818, 0.3959698, 0.0024303982, 1.546343)
(0.19994612, 0.0018340842, 0.39597058, 0.0012674181, 1.5463419)
(0.1991971, 0.0010975034, 0.39595944, 0.0011987546, 1.5463476)
(0.20022592, 0.0021361248, 0.39596552, 0.0010703569, 1.5463372)
(0.19949745, 0.0013934835, 0.39596412, 0.0012190018, 1.5463414)
(0.19878207, 0.0006869158, 0.3959551, 0.0011761622, 1.546341)
(0.1984994, 0.00042817843, 0.39596108, 0.000906835, 1.5463312)
(0.1985519, 0.0004529371, 0.39596164, 0.0011813245, 1.5463378)
(0.19991192, 0.0017404472, 0.3959509, 0.001960196, 1.5463368)
(0.19892584, 0.00084964675, 0.39595726, 0.0009756433, 1.5463248)
(0.19867083, 0.00059753505, 0.3959595, 0.0009354645, 1.5463305)
(0.1985563, 0.00050734496, 0.39594415, 0.00076887547, 1.5463351)
(0.20148234, 0.003370769, 0.39595336, 0.0013489132, 1.54632)
(0.1997024, 0.0015777866, 0.3959595, 0.0014485533, 1.5463248)
(0.19882488, 0.00070596376, 0.39593643, 0.0015070512, 1.5463367)
(0.19876534, 0.00069197535, 0.39595103, 0.0009784289, 1.5463171)
(0.19875813, 0.00066588627, 0.3959587, 0.0011289546, 1.5463169)
(0.20011225, 0.0019757086, 0.39593095, 0.0017106859, 1.5463345)
(0.19898957, 0.0008716291, 0.39594766, 0.0014410194, 1.5463163)
(0.19913337, 0.0010690258, 0.3959536, 0.0008753968, 1.5463097)
(0.19906887, 0.0009910227, 0.3959309, 0.0011240185, 1.5463325)
(0.19938934, 0.0013260473, 0.3959434, 0.0009158345, 1.5463142)
(0.19916956, 0.0011221494, 0.39594823, 0.0007329729, 1.5463037)
(0.19925813, 0.0011515436, 0.39593506, 0.001390588, 1.5463276)
(0.19933374, 0.0012270336, 0.39593434, 0.0013953898, 1.5463105)
(0.19880757, 0.0007339817, 0.39593935, 0.0010391194, 1.546299)
(0.19920556, 0.0011299903, 0.39594108, 0.001050384, 1.5463216)
(0.20090596, 0.0028100447, 0.39592373, 0.0013405166, 1.5463054)
(0.19933702, 0.0011378028, 0.39593345, 0.0023250005, 1.5462989)
(0.20781048, 0.009518659, 0.3959439, 0.003198566, 1.5463157)
(0.2016818, 0.0033737575, 0.39591932, 0.0034836896, 1.5462962)
(0.1997191, 0.0015612401, 0.39592728, 0.0019421363, 1.5463027)
(0.19948001, 0.0013337217, 0.39593673, 0.001779245, 1.5463066)
(0.1989098, 0.00083997904, 0.39591864, 0.0011050414, 1.5462855)
(0.20099774, 0.0028819223, 0.39592052, 0.0015555786, 1.5463068)
(0.20289573, 0.0044783154, 0.39592597, 0.004544277, 1.5462989)
(0.19988154, 0.0016469172, 0.39592195, 0.0027364332, 1.5462795)
(0.19934216, 0.0011158109, 0.39591163, 0.0027053545, 1.5463095)
(0.1990055, 0.00091533235, 0.3959134, 0.00133469, 1.5462904)
(0.19941229, 0.0012777122, 0.39592582, 0.0017165777, 1.546275)
(0.19881544, 0.00075192354, 0.39590362, 0.0011169673, 1.5463084)
(0.19918098, 0.0011496209, 0.3959046, 0.00079061626, 1.5462857)
(0.19938098, 0.0012843423, 0.39592528, 0.0013399259, 1.5462747)
(0.20382905, 0.0056669386, 0.39589867, 0.0021278174, 1.5462989)
(0.20046741, 0.0022568824, 0.39589906, 0.0026099016, 1.5462822)
(0.1994022, 0.0012823064, 0.3959216, 0.0015909366, 1.546274)
(0.19884878, 0.0007938618, 0.39589736, 0.001062427, 1.5462866)
(0.19906491, 0.0010183464, 0.39589477, 0.0009918803, 1.5462813)
(0.19864097, 0.00057947985, 0.3959122, 0.0010539099, 1.5462761)
(0.1991492, 0.0010935, 0.39589867, 0.0010637259, 1.546273)
(0.1993025, 0.0012387616, 0.3958938, 0.0011681977, 1.5462804)
(0.19843249, 0.00039493636, 0.395896, 0.0008955701, 1.5462885)
(0.19882534, 0.00075243483, 0.3958898, 0.0012801106, 1.546276)
(0.20002241, 0.0017682757, 0.39588583, 0.0031123033, 1.5462848)
(0.20319608, 0.0051459414, 0.39586964, 0.0011531762, 1.5462966)
(0.19944213, 0.0013434797, 0.39586973, 0.0016378835, 1.5462704)
(0.19912626, 0.0010924314, 0.3958878, 0.00089935237, 1.5462537)
(0.19983497, 0.0017342542, 0.3958723, 0.0016457639, 1.5462704)
(0.1988903, 0.0008333945, 0.3958559, 0.0012894848, 1.5462699)
(0.19876593, 0.0007186512, 0.39587638, 0.0010909039, 1.5462512)
(0.19859456, 0.00057903514, 0.39586484, 0.0008309958, 1.5462587)
(0.20224251, 0.0041447454, 0.3958565, 0.0016950734, 1.5462551)
(0.20065746, 0.0026055712, 0.39587414, 0.001148085, 1.5462458)
(0.20052084, 0.002466571, 0.39586112, 0.0012371924, 1.5462503)
(0.1994507, 0.0013834058, 0.39585352, 0.0014053159, 1.5462457)
(0.19920877, 0.0011605017, 0.39586285, 0.0011684301, 1.5462514)
(0.19849525, 0.00049362564, 0.39585948, 0.00071885204, 1.5462493)
(0.19846894, 0.00046579455, 0.39585546, 0.00075414445, 1.5462341)
(0.19910182, 0.001088341, 0.3958559, 0.00085530774, 1.5462512)
(0.2077567, 0.008881356, 0.39585775, 0.009464667, 1.5462565)
(0.20445223, 0.005900537, 0.3958578, 0.006227853, 1.5462292)
(0.20125048, 0.0028047594, 0.3958544, 0.0051850704, 1.5462425)
(0.19972357, 0.0014432174, 0.39585352, 0.003535966, 1.5462549)
(0.19906066, 0.0008971408, 0.39585447, 0.0023629216, 1.546235)
(0.19914277, 0.00096427626, 0.39585468, 0.002511479, 1.5462313)
(0.19902338, 0.0008810122, 0.39584965, 0.0021755137, 1.5462399)
(0.19855188, 0.00048518146, 0.3958454, 0.0014399155, 1.546243)
(0.19860683, 0.0005069276, 0.39584893, 0.00175436, 1.5462346)
(0.19857642, 0.00053844746, 0.39584878, 0.0011357875, 1.546225)
(0.1994412, 0.0014263438, 0.39583924, 0.0009522961, 1.5462418)
(0.19911066, 0.0010267664, 0.39584234, 0.0016271528, 1.5462435)
(0.19874445, 0.00070603593, 0.39584827, 0.001142713, 1.5462219)
(0.19943145, 0.0013431034, 0.39584303, 0.0016682638, 1.5462284)
(0.19868337, 0.00059864647, 0.39584035, 0.0016454034, 1.5462408)
(0.1993235, 0.0011538658, 0.39584234, 0.0024846648, 1.5462295)
(0.19977058, 0.0015576215, 0.39584935, 0.0028829584, 1.5462285)
(0.19963224, 0.0016154249, 0.39584374, 0.00094941567, 1.5462284)
(0.1988039, 0.0007872322, 0.39583373, 0.0009980428, 1.5462332)
(0.19967477, 0.001633744, 0.39584735, 0.0011735338, 1.5462306)
(0.19869736, 0.0006562224, 0.39583826, 0.0012200082, 1.5462275)
(0.19834028, 0.00032461237, 0.39583227, 0.0009952893, 1.5462246)
(0.20011738, 0.0020341978, 0.3958416, 0.0016237734, 1.5462203)
(0.19892003, 0.00091189926, 0.39582968, 0.0009328994, 1.5462352)
(0.19919203, 0.0011590612, 0.39583012, 0.0011790821, 1.5462201)
(0.19858126, 0.0005607133, 0.39583766, 0.0010171707, 1.546207)
(0.19871072, 0.00069425243, 0.39582607, 0.001034346, 1.5462289)
(0.19868822, 0.00067578926, 0.3958165, 0.0010418412, 1.5462266)
(0.19951662, 0.0013389366, 0.39583564, 0.002598698, 1.5462077)
(0.19934344, 0.0012763264, 0.39583278, 0.0015072786, 1.5462127)
(0.19860406, 0.0006293863, 0.39580655, 0.0007140031, 1.5462283)
(0.19874668, 0.0007192284, 0.39582995, 0.0011248407, 1.5462155)
(0.19898447, 0.0008165296, 0.39583623, 0.0024982493, 1.5462227)
(0.1988484, 0.00080053933, 0.39581424, 0.001407404, 1.5462104)
(0.19890329, 0.0009001657, 0.39582896, 0.0008865077, 1.5462201)
(0.20003921, 0.001998673, 0.39583507, 0.0012299874, 1.5462389)
(0.19908132, 0.0010244022, 0.39582372, 0.0014505011, 1.5461968)
(0.19868416, 0.0006743021, 0.39582455, 0.0009757575, 1.5462266)
(0.19850196, 0.0005048473, 0.39583284, 0.0008068647, 1.5462251)
(0.2016285, 0.0036128114, 0.39582133, 0.001050211, 1.5462053)
(0.19999082, 0.001924274, 0.39581606, 0.0015852302, 1.5462303)
(0.19985251, 0.0018183389, 0.39583135, 0.0011849478, 1.5461959)
(0.19890806, 0.00089830055, 0.39581317, 0.0010317125, 1.5462251)
(0.1985372, 0.00049739564, 0.39580697, 0.0013632287, 1.546226)
(0.1983057, 0.00031309703, 0.39582944, 0.00077874557, 1.5461863)
(0.19996373, 0.001865852, 0.39581373, 0.0019101426, 1.5462313)
(0.2000778, 0.0020381554, 0.39580414, 0.001375755, 1.5462121)
(0.1999825, 0.0019626832, 0.39582255, 0.0010852665, 1.546196)
(0.20214586, 0.0041234246, 0.39581662, 0.001141177, 1.5462285)
(0.2001229, 0.002003891, 0.39580533, 0.0021634179, 1.5462047)
(0.19982748, 0.0018089239, 0.39581847, 0.0010932167, 1.5462028)
(0.19900657, 0.001017624, 0.39581597, 0.0008096756, 1.5462246)
(0.19875836, 0.00065596675, 0.3958051, 0.001998519, 1.5462121)
(0.19891763, 0.0009275528, 0.39582184, 0.0007914787, 1.5461974)
(0.19865462, 0.0006851115, 0.39581305, 0.0006297939, 1.5462179)
(0.19854668, 0.0005734873, 0.39580372, 0.00071337156, 1.5462219)
(0.19837314, 0.00037915428, 0.39581987, 0.00084051955, 1.546196)
(0.1983455, 0.00034368748, 0.39580798, 0.0009782112, 1.5462121)
(0.1985508, 0.00053601654, 0.39580286, 0.0011336344, 1.5462143)
(0.19826838, 0.00029583677, 0.39580834, 0.00068376696, 1.546197)
(0.19887736, 0.00088006345, 0.39579967, 0.0009746526, 1.5462146)
(0.198971, 0.0009973983, 0.3958032, 0.00072005833, 1.5461953)
(0.1993371, 0.0013594057, 0.39579695, 0.0007920603, 1.5461984)
(0.20120408, 0.0031116914, 0.3957963, 0.001942346, 1.5462203)
(0.19953403, 0.001448988, 0.39580464, 0.0018272391, 1.5461866)
(0.19865641, 0.0006470427, 0.39579746, 0.0011063463, 1.5461903)
(0.19849488, 0.0005270974, 0.39579397, 0.0007080057, 1.546221)
(0.19862776, 0.0006677855, 0.39579654, 0.0006170063, 1.5461953)
(0.1983757, 0.00038804387, 0.3958025, 0.0008641615, 1.5461799)
(0.20196295, 0.0035081229, 0.3957901, 0.005597682, 1.5462158)
(0.20721847, 0.008515736, 0.39578527, 0.0081009045, 1.5462028)
(0.20213115, 0.0037296852, 0.3958056, 0.004986725, 1.5461872)
(0.20027898, 0.001996518, 0.39579657, 0.0038418586, 1.5462077)
(0.19925916, 0.0011378559, 0.39578292, 0.0022983965, 1.546198)
(0.19914341, 0.00096419116, 0.3958063, 0.0027605575, 1.5462112)
(0.19940665, 0.0012396562, 0.39580697, 0.0026352042, 1.5461968)
(0.19922437, 0.0011837406, 0.39578584, 0.0014770791, 1.5461884)
(0.19874074, 0.0006590002, 0.39580658, 0.0017845058, 1.5462213)
(0.19853893, 0.000519661, 0.39580035, 0.0011909566, 1.5461915)
(0.19923772, 0.0011935241, 0.39578363, 0.0015238589, 1.546191)
(0.19875929, 0.0007189781, 0.39580062, 0.001400011, 1.5462084)
(0.19955373, 0.0014212381, 0.39578795, 0.0023851227, 1.5461915)
(0.19873936, 0.0006926798, 0.39577797, 0.0015770448, 1.5462035)
(0.19857663, 0.00055908784, 0.39580423, 0.0011542225, 1.546192)
(0.19845727, 0.00043030042, 0.3957839, 0.0013502701, 1.5461922)
(0.19848827, 0.0004110238, 0.39578214, 0.0018616733, 1.5462055)
(0.1988382, 0.00057724386, 0.3958051, 0.0035841505, 1.5461903)
(0.19882777, 0.0006491287, 0.39578173, 0.002877785, 1.5461949)
(0.19924824, 0.00088830595, 0.39578694, 0.004664588, 1.5461957)
(0.19872515, 0.00066054956, 0.39579177, 0.0016871733, 1.5461904)
(0.19873793, 0.00073958084, 0.39577886, 0.0010892145, 1.5461996)
(0.19916575, 0.0011737074, 0.3957834, 0.001003365, 1.5461855)
(0.19992651, 0.0019344375, 0.39578578, 0.0009918357, 1.5461854)
(0.20084293, 0.002825401, 0.39577124, 0.0013192054, 1.5462056)
(0.19960934, 0.0014669495, 0.39578104, 0.0025187247, 1.5461895)
(0.19856529, 0.00051687285, 0.39579248, 0.0015217895, 1.5461812)
(0.19832373, 0.00032904634, 0.39577296, 0.0010820131, 1.546196)
(0.19848494, 0.00040008398, 0.39577734, 0.0019619144, 1.5461996)
(0.20027258, 0.002130684, 0.39578933, 0.002472292, 1.5461873)
(0.1991287, 0.0011175206, 0.39577988, 0.0012124786, 1.5461799)
(0.19930369, 0.0012906881, 0.39576763, 0.0012918917, 1.546193)
(0.19889192, 0.00091215875, 0.39577505, 0.0009224452, 1.5461936)
(0.19877036, 0.00079266593, 0.39577907, 0.0008815911, 1.5461783)
(0.19879946, 0.0008058897, 0.3957685, 0.001093188, 1.5461808)
(0.19856952, 0.00061336486, 0.39576557, 0.0007336957, 1.5461942)
(0.19859943, 0.00062584045, 0.39577246, 0.0008735504, 1.546186)
(0.198952, 0.0007876513, 0.3957775, 0.0027560047, 1.5461826)
(0.20033734, 0.001929421, 0.39576724, 0.0052428804, 1.5461895)
(0.19886835, 0.0008278699, 0.39577538, 0.0015279554, 1.546179)
(0.1988385, 0.0008317862, 0.3957801, 0.0011667758, 1.5461912)
(0.19851169, 0.0005458378, 0.39577043, 0.00080635975, 1.5461898)
(0.19832882, 0.00032610117, 0.39577496, 0.0011524009, 1.5461731)
(0.1999004, 0.0019034294, 0.39577296, 0.0011049956, 1.546191)
(0.20179243, 0.0035926555, 0.3957686, 0.0031547686, 1.546191)
(0.20075303, 0.0026301339, 0.3957675, 0.0023915048, 1.5461774)
(0.19923548, 0.0012460642, 0.39577222, 0.0010331703, 1.5461845)
(0.19886956, 0.00070185284, 0.39576864, 0.0028338265, 1.546185)
(0.19895001, 0.0009418434, 0.39576423, 0.0012604585, 1.5461882)
(0.19841352, 0.00043982055, 0.3957756, 0.00085903663, 1.5461823)
(0.19960694, 0.0016314291, 0.39576963, 0.0009069289, 1.5461769)
(0.20358554, 0.005598252, 0.39576763, 0.0010347546, 1.546191)
(0.20048423, 0.0022679484, 0.39577287, 0.0032984712, 1.5461836)
(0.1988034, 0.0007990323, 0.39576775, 0.0012048624, 1.5461745)
(0.19898868, 0.0010138208, 0.39576775, 0.0009098324, 1.5461855)
(0.19846538, 0.00050197076, 0.39576557, 0.00080626504, 1.5461855)
(0.19831394, 0.0003417582, 0.39576504, 0.0008965868, 1.546179)
(0.19875197, 0.0007835283, 0.39576578, 0.00085550465, 1.5461752)
(0.19906801, 0.0010752559, 0.39576176, 0.0011187745, 1.5461845)
(0.19920692, 0.0011679642, 0.39576292, 0.0015748994, 1.5461855)
(0.19928235, 0.00109168, 0.3957624, 0.0030945796, 1.546172)
(0.19951002, 0.0015308629, 0.3957646, 0.0009686999, 1.546179)
(0.19875176, 0.0007803025, 0.3957624, 0.0009026016, 1.5461854)
(0.1988115, 0.00080428825, 0.39575526, 0.0012958935, 1.546175)
(0.19952095, 0.0014073645, 0.39576337, 0.0023190407, 1.5461726)
(0.20052339, 0.002398131, 0.39576048, 0.0024501646, 1.546175)
(0.19929072, 0.0012807846, 0.39574865, 0.0013561845, 1.5461793)
(0.1989975, 0.0010085499, 0.39575607, 0.0011091358, 1.5461712)
(0.19876389, 0.00079290394, 0.3957608, 0.0009058141, 1.5461701)
(0.19842102, 0.00046345295, 0.39574838, 0.00083380716, 1.5461768)
(0.19876055, 0.0007687777, 0.39575195, 0.0011580582, 1.546172)
(0.19946261, 0.0014959411, 0.39575958, 0.00086870557, 1.546176)
(0.19992459, 0.0019249565, 0.39575264, 0.0012330937, 1.54617)
(0.19859838, 0.00063724816, 0.39575455, 0.00083858887, 1.5461707)
(0.19872856, 0.000757616, 0.39575434, 0.0009377842, 1.5461829)
(0.19920503, 0.0012339253, 0.3957578, 0.0009220723, 1.5461693)
(0.20035514, 0.0022935441, 0.3957584, 0.0018240362, 1.5461713)
(0.19891477, 0.0008977447, 0.3957544, 0.001398239, 1.5461799)
(0.19923888, 0.0012484181, 0.39575675, 0.0011209049, 1.5461758)
(0.19871494, 0.00073496555, 0.39576176, 0.0009909841, 1.5461758)
(0.19827762, 0.00032913117, 0.39575768, 0.0006964789, 1.5461721)
(0.19839038, 0.00042096293, 0.39575264, 0.0009309879, 1.5461767)
(0.19854921, 0.00058964826, 0.39576122, 0.00078955165, 1.5461808)
(0.19862652, 0.0006689923, 0.39575484, 0.0008010152, 1.546166)
(0.19971502, 0.0017097095, 0.39574957, 0.001305243, 1.5461674)
(0.19921039, 0.0012058063, 0.39575264, 0.0012826168, 1.5461799)
(0.19935063, 0.0011943509, 0.39574784, 0.0028236073, 1.5461648)
(0.19906175, 0.0010422356, 0.39574748, 0.0014578007, 1.5461617)
(0.19884618, 0.0008707776, 0.3957458, 0.0010249258, 1.5461723)
(0.19846542, 0.0005222685, 0.3957438, 0.00071256986, 1.5461674)
(0.19833058, 0.00037570615, 0.39574593, 0.00081902003, 1.5461631)
(0.19900376, 0.0010207216, 0.395746, 0.0011004499, 1.5461645)
(0.20119053, 0.0027364183, 0.3957438, 0.005822138, 1.5461674)
(0.19982989, 0.001834953, 0.39574647, 0.0012169702, 1.5461661)
(0.19880316, 0.0008111313, 0.395745, 0.0011952078, 1.5461615)
(0.19857027, 0.00060743524, 0.39574483, 0.0009042133, 1.546165)
(0.19951224, 0.0015407982, 0.39574024, 0.0010133147, 1.5461667)
(0.19922513, 0.0012859236, 0.39574635, 0.00066029886, 1.5461628)
(0.20367265, 0.0055669197, 0.3957446, 0.0023343132, 1.5461634)
(0.20149842, 0.0033820113, 0.39573213, 0.0025033462, 1.54617)
(0.19903906, 0.001030333, 0.39575645, 0.0013050158, 1.5461645)
(0.19861215, 0.00062520034, 0.39574, 0.0011695873, 1.5461631)
(0.19859509, 0.0005860047, 0.39573413, 0.0014202412, 1.5461712)
(0.19820465, 0.00025886358, 0.39576328, 0.0006414858, 1.5461617)
(0.20327082, 0.005235693, 0.39573434, 0.0016796205, 1.5461617)
(0.20418623, 0.0058024963, 0.39574122, 0.005131179, 1.5461674)
(0.20054427, 0.0025137956, 0.39575708, 0.0015192649, 1.5461578)
(0.19887093, 0.0008394697, 0.39572954, 0.0016668655, 1.5461624)
(0.1993535, 0.001392279, 0.3957423, 0.00090076687, 1.5461575)
(0.19867261, 0.0006463897, 0.3957491, 0.0015167224, 1.5461607)
(0.19878446, 0.00081838714, 0.39572722, 0.0010246496, 1.5461669)
(0.1985071, 0.00052696734, 0.39574468, 0.0010779512, 1.5461531)
(0.19852182, 0.0005715125, 0.39575058, 0.00075020944, 1.5461617)
(0.19821468, 0.0002813584, 0.39572787, 0.0006938627, 1.5461764)
(0.19824097, 0.00028890133, 0.39574647, 0.0007883516, 1.5461588)
(0.19833149, 0.00040412426, 0.39575744, 0.00048653083, 1.5461483)
(0.19820209, 0.0002771659, 0.39573395, 0.00057946163, 1.5461866)
(0.19847688, 0.00055032014, 0.39573956, 0.000567771, 1.5461679)
(0.20043325, 0.0023799278, 0.39575648, 0.0017508504, 1.5461321)
(0.20011313, 0.002120947, 0.39574707, 0.0011865869, 1.5461802)
(0.20119445, 0.0031879516, 0.39572474, 0.0014412301, 1.5461731)
(0.19890462, 0.00094353326, 0.39573848, 0.00091846427, 1.5461361)
(0.19900757, 0.0010498554, 0.39575738, 0.0007902126, 1.5461578)
(0.1989695, 0.0008976845, 0.39572123, 0.002112064, 1.5461655)
(0.1990441, 0.0010836939, 0.3957145, 0.001031474, 1.5461593)
(0.19845302, 0.0005079679, 0.3957512, 0.00069457723, 1.5461478)
(0.20108815, 0.0030925218, 0.3957379, 0.0012668057, 1.5461456)
(0.1993532, 0.0012827959, 0.39571312, 0.0021385392, 1.5461692)
(0.19887803, 0.0009105918, 0.39573365, 0.0010061592, 1.546158)
(0.19859932, 0.00061447034, 0.39574003, 0.0011483728, 1.5461376)
(0.1984799, 0.0005167165, 0.3957338, 0.0009628602, 1.5461463)
(0.19913463, 0.0011549253, 0.39571947, 0.0011997648, 1.5461631)
(0.19831178, 0.00038758272, 0.39571607, 0.00066161127, 1.5461473)
(0.19980726, 0.0018452802, 0.39573932, 0.0009232113, 1.5461301)
(0.20553695, 0.006830533, 0.3957267, 0.008430623, 1.5461507)
(0.20320866, 0.0049495986, 0.39570424, 0.0040693935, 1.5461473)
(0.20047627, 0.002402194, 0.39572525, 0.00211462, 1.5461407)
(0.19963989, 0.0015718081, 0.39573452, 0.0020081187, 1.5461485)
(0.19886255, 0.00083674776, 0.39571616, 0.0016772862, 1.5461347)
(0.19867198, 0.0005355752, 0.395715, 0.0027890843, 1.5461472)
(0.19840452, 0.00040886406, 0.39572382, 0.0013374949, 1.5461519)
(0.1982447, 0.00029761187, 0.39572263, 0.0008578567, 1.5461301)
(0.19837548, 0.00031359322, 0.39571905, 0.0020236121, 1.5461389)
(0.19840583, 0.0004911539, 0.39571592, 0.000567105, 1.5461445)
(0.19903703, 0.0011093551, 0.3957131, 0.0007113167, 1.546133)
(0.19872035, 0.0007457715, 0.39572045, 0.0011435547, 1.5461379)
(0.19921677, 0.0012253415, 0.3957176, 0.0013262453, 1.5461321)
(0.19913238, 0.0011582617, 0.395705, 0.0012161485, 1.5461307)
(0.19917396, 0.0012292601, 0.39570957, 0.0008990546, 1.5461421)
(0.19848645, 0.000534144, 0.39571622, 0.0009419677, 1.5461224)
(0.19835508, 0.0004076724, 0.39570734, 0.0009373521, 1.5461293)
(0.19840279, 0.0004841223, 0.39570215, 0.0006759161, 1.5461398)
(0.19852977, 0.0006093909, 0.39571285, 0.00063946575, 1.5461191)
(0.20159042, 0.0032502492, 0.39571172, 0.0048431037, 1.5461321)
(0.20012277, 0.0021302274, 0.39570516, 0.0013996253, 1.5461316)
(0.1994645, 0.0014408256, 0.39570677, 0.001702931, 1.5461234)
(0.19862871, 0.0006316717, 0.39571187, 0.0014109598, 1.5461273)
(0.19851874, 0.0005669967, 0.39570653, 0.0009846974, 1.5461206)
(0.19863567, 0.0007186205, 0.39569786, 0.0006812093, 1.546125)
(0.1984383, 0.0005170454, 0.39570454, 0.00068994006, 1.5461206)
(0.1990366, 0.0010734653, 0.39569882, 0.001137274, 1.5461159)
(0.19946414, 0.0012962089, 0.3956943, 0.0032078424, 1.5461178)
(0.1987129, 0.00076686434, 0.39569572, 0.0009817828, 1.5461149)
(0.19843355, 0.0005031122, 0.3956919, 0.00084490376, 1.5461166)
(0.19852664, 0.0006098356, 0.39569288, 0.00070356595, 1.5461131)
(0.19914684, 0.0011944774, 0.39569306, 0.0010582159, 1.5461088)
(0.19832774, 0.00041326872, 0.39569163, 0.0006864902, 1.5461128)
(0.19857946, 0.0006719476, 0.3956876, 0.000637041, 1.5461152)
(0.20044048, 0.0024712456, 0.39569288, 0.001227944, 1.5461062)
(0.1991887, 0.0012083449, 0.39569342, 0.0013364317, 1.5461061)
(0.19873005, 0.0007601399, 0.39568377, 0.0012803192, 1.5461148)
(0.19839941, 0.000466411, 0.3956886, 0.00088703656, 1.5461049)
(0.19834298, 0.0004167396, 0.39569566, 0.0007840648, 1.5461082)
(0.19818124, 0.00027291325, 0.3956872, 0.0006472613, 1.5461084)
(0.19966142, 0.0017692463, 0.3956824, 0.0005097253, 1.5461016)
(0.20071791, 0.0026568172, 0.39569306, 0.002145554, 1.5461152)
(0.19868296, 0.00072470505, 0.39568946, 0.0011353188, 1.5461023)
(0.19854277, 0.00060446316, 0.39567783, 0.0009938993, 1.5460973)
(0.19858561, 0.00066022004, 0.3956871, 0.00081838254, 1.5461092)
(0.19839102, 0.00047850772, 0.39568692, 0.0006904298, 1.5460997)
(0.198281, 0.00038798444, 0.39567402, 0.0005601375, 1.5461018)
(0.19905943, 0.001147583, 0.39568084, 0.00071424746, 1.5460958)
(0.19844116, 0.00051735586, 0.39568275, 0.0008243196, 1.5460967)
(0.1986214, 0.00071603426, 0.39567232, 0.0006921263, 1.5461065)
(0.19920225, 0.001303192, 0.39567593, 0.0006110434, 1.5460893)
(0.19975986, 0.0018334459, 0.39567822, 0.0008730289, 1.5460922)
(0.19947207, 0.0015262798, 0.3956737, 0.0010894155, 1.5461025)
(0.20003922, 0.0019899956, 0.3956704, 0.0021401397, 1.546091)
(0.19893, 0.000989665, 0.3956749, 0.0010287662, 1.5460871)
(0.19886789, 0.0009216368, 0.39567587, 0.0010832025, 1.5460896)
(0.19846722, 0.0005592293, 0.39566445, 0.00075766916, 1.546094)
(0.19834311, 0.00045994655, 0.39566755, 0.0004939217, 1.5460893)
(0.19889519, 0.0010083383, 0.39567274, 0.00050480827, 1.5460815)
(0.19989236, 0.0019424622, 0.39566705, 0.0011636463, 1.5460922)
(0.1989712, 0.000977072, 0.3956644, 0.0016192655, 1.5460899)
(0.19918726, 0.0012385694, 0.39566806, 0.0011466462, 1.5460826)
(0.19912893, 0.001205191, 0.39567235, 0.00087553123, 1.5460887)
(0.19834277, 0.00042826, 0.39566642, 0.00081304344, 1.5460844)
(0.1982154, 0.00030339233, 0.39566004, 0.00081986823, 1.546089)
(0.19811766, 0.0002337381, 0.3956713, 0.0004826007, 1.5460858)
(0.20055075, 0.0026248968, 0.3956685, 0.0009160064, 1.5460768)
(0.20041032, 0.0024258983, 0.39565516, 0.0015685025, 1.5460856)
(0.19901519, 0.001041055, 0.39566237, 0.0014294771, 1.5460795)
(0.1988349, 0.00088717416, 0.395662, 0.0011670971, 1.5460758)
(0.19838126, 0.00049021957, 0.3956566, 0.00062749605, 1.5460787)
(0.20312001, 0.0049619507, 0.39565375, 0.0033118576, 1.5460728)
(0.2028613, 0.0046885787, 0.39565003, 0.003477003, 1.5460758)
(0.2002082, 0.0021417942, 0.39566004, 0.0023638057, 1.5460769)
(0.19911401, 0.0010950121, 0.39565438, 0.0019180218, 1.5460694)
(0.1988963, 0.0009441336, 0.39564037, 0.0013198451, 1.5460694)
(0.1985835, 0.0006076562, 0.39565438, 0.0014865273, 1.5460744)
(0.19816896, 0.00026101765, 0.39566278, 0.0007655399, 1.5460682)
(0.19816089, 0.00027174508, 0.39563778, 0.00070251396, 1.5460664)
(0.19821784, 0.00033815857, 0.39564204, 0.000586638, 1.546067)
(0.20276184, 0.004742581, 0.39565933, 0.0018960389, 1.5460637)
(0.19952129, 0.00149411, 0.395648, 0.0020317412, 1.5460719)
(0.1990666, 0.0010919078, 0.3956337, 0.0015783585, 1.5460615)
(0.19857094, 0.0006657195, 0.39564186, 0.00084281986, 1.5460532)
(0.19820322, 0.00030199223, 0.3956566, 0.00072937936, 1.546071)
(0.19869822, 0.00079415616, 0.39564136, 0.00083380705, 1.5460643)
(0.19836159, 0.00047564722, 0.39562652, 0.000726884, 1.5460513)
(0.19988821, 0.0018434181, 0.3956432, 0.0022319136, 1.5460585)
(0.19863446, 0.00070030615, 0.39565137, 0.0010846793, 1.5460613)
(0.19840491, 0.00052704976, 0.39563394, 0.00060884573, 1.5460559)
(0.198338, 0.00046970206, 0.39562538, 0.00055606704, 1.5460525)
(0.1995704, 0.0016694515, 0.39563584, 0.0008302551, 1.5460521)
(0.20101531, 0.0030307323, 0.39564303, 0.0016306587, 1.5460546)
(0.2000056, 0.0019415347, 0.39563417, 0.002469771, 1.5460542)
(0.19903378, 0.0009719914, 0.39561918, 0.0025220593, 1.5460477)
(0.19868332, 0.00075125817, 0.39562914, 0.0011748767, 1.5460471)
(0.19861373, 0.00071068417, 0.39563805, 0.00084018736, 1.546051)
(0.19833985, 0.00044272887, 0.39563063, 0.00081809476, 1.5460415)
(0.19809894, 0.00022976287, 0.39561918, 0.0005959518, 1.5460502)
(0.1981406, 0.00027973653, 0.39561158, 0.000550731, 1.5460501)
(0.19859633, 0.0006954458, 0.39563373, 0.0008402264, 1.5460278)
(0.19891724, 0.0009852576, 0.39563346, 0.0011525812, 1.5460472)
(0.19860017, 0.00073869433, 0.3956068, 0.0005807836, 1.5460532)
(0.20365945, 0.005627419, 0.39561427, 0.0022489245, 1.5460291)
(0.20108333, 0.0031031934, 0.3956289, 0.0016569253, 1.5460415)
(0.19969632, 0.0017385336, 0.39562133, 0.0014711721, 1.5460429)
(0.19898692, 0.0010303396, 0.39561862, 0.0014727016, 1.5460349)
(0.19840857, 0.0005158136, 0.3956182, 0.00083656947, 1.5460467)
(0.19847517, 0.0005804465, 0.39560795, 0.00090750534, 1.5460321)
(0.19832261, 0.0004548372, 0.3956216, 0.0005697827, 1.5460321)
(0.19944191, 0.0015614012, 0.39562657, 0.00067224377, 1.5460463)
(0.19897245, 0.0009702507, 0.3956003, 0.002020573, 1.5460284)
(0.19906121, 0.0011593197, 0.39560625, 0.000987656, 1.5460321)
(0.1984844, 0.00058270025, 0.39561918, 0.00092112966, 1.5460372)
(0.1982393, 0.000354205, 0.395607, 0.0008158827, 1.5460229)
(0.19815184, 0.00029849715, 0.3956068, 0.000499465, 1.5460272)
(0.1991824, 0.0013314248, 0.39560366, 0.000491541, 1.5460272)
(0.1981253, 0.00027813128, 0.39559132, 0.0005151618, 1.5460248)
(0.19855765, 0.0006931169, 0.39560533, 0.0006186088, 1.54602)
(0.20129023, 0.0032228667, 0.39560863, 0.002630568, 1.5460156)
(0.20020777, 0.0020299093, 0.39558363, 0.0038604895, 1.5460252)
(0.19952036, 0.0016108863, 0.39558822, 0.0011537102, 1.5460227)
(0.19869602, 0.0007617184, 0.39560455, 0.001320218, 1.5460122)
(0.19849701, 0.00058970955, 0.3955953, 0.0010965274, 1.5460148)
(0.19889434, 0.0010472498, 0.3955878, 0.0005318085, 1.5460207)
(0.19992945, 0.0020330688, 0.39558986, 0.0010144049, 1.5460166)
(0.19895498, 0.0010595201, 0.39559227, 0.0009932723, 1.5460166)
(0.19842988, 0.00055667944, 0.3955916, 0.00077412056, 1.5460138)
(0.19846304, 0.00060558243, 0.39559248, 0.0006121762, 1.546003)
(0.19909167, 0.0012367461, 0.3955878, 0.00061020703, 1.5460196)
(0.19916369, 0.0013051291, 0.3955784, 0.00069350377, 1.54602)
(0.19860457, 0.0007182268, 0.39558917, 0.0009174972, 1.545996)
(0.19837426, 0.00051085814, 0.39559323, 0.00066788757, 1.5460081)
(0.19895548, 0.0011066509, 0.39557576, 0.00060942647, 1.5460148)
(0.20025344, 0.0023654662, 0.39557302, 0.0010146778, 1.5460062)
(0.19954875, 0.0016648242, 0.39558986, 0.00088999723, 1.5460014)
(0.19977985, 0.0019307266, 0.3955812, 0.00058536505, 1.5460006)
(0.19879617, 0.00094206166, 0.3955682, 0.0007000945, 1.5460095)
(0.19895075, 0.0010730046, 0.3955816, 0.00086941477, 1.5460036)
(0.19885322, 0.0009467797, 0.39557603, 0.0011842337, 1.5459979)
(0.19824877, 0.00039739636, 0.39557007, 0.0006634706, 1.5460035)
(0.19839008, 0.0005321594, 0.39558002, 0.00067910436, 1.5460006)
(0.19875447, 0.00088511594, 0.395572, 0.0008335764, 1.5459995)
(0.19843693, 0.00059241307, 0.39556575, 0.0006164792, 1.5459995)
(0.19866316, 0.0008217496, 0.39557302, 0.000548942, 1.5459976)
(0.19853777, 0.0006944039, 0.395575, 0.0005586685, 1.5459949)
(0.19813645, 0.00029523278, 0.39556468, 0.0005887507, 1.545996)
(0.19820526, 0.00037263203, 0.39555877, 0.0005324682, 1.5459998)
(0.2013476, 0.0033279061, 0.3955696, 0.0023490002, 1.5459949)
(0.20011027, 0.0020002127, 0.39557222, 0.003239532, 1.5459924)
(0.19915272, 0.0011773468, 0.39556357, 0.0019359022, 1.545993)
(0.19927233, 0.0013650747, 0.39556122, 0.0012665305, 1.5459964)
(0.19872515, 0.0007678466, 0.39556527, 0.001746666, 1.5460004)
(0.1983288, 0.00046103977, 0.39556956, 0.00082973123, 1.5459841)
(0.19840668, 0.0005379801, 0.39556468, 0.00086358725, 1.5459867)
(0.1985729, 0.0006847172, 0.3955576, 0.0010937848, 1.5460052)
(0.1986804, 0.0008360327, 0.39555928, 0.0006472103, 1.5459911)
(0.1984124, 0.0005136716, 0.39556748, 0.0011498698, 1.5459816)
(0.19849952, 0.0006514999, 0.39556363, 0.0006620131, 1.5459918)
(0.19905025, 0.0011779394, 0.3955502, 0.00097217725, 1.5459939)
(0.19942303, 0.0015536577, 0.39555636, 0.0009118987, 1.5459911)
(0.19853114, 0.0006813897, 0.39556456, 0.0006746345, 1.5459812)
(0.19815764, 0.0003157208, 0.39555624, 0.00063795864, 1.5459821)
(0.19912072, 0.0012664266, 0.39555025, 0.0007916662, 1.5459919)
(0.19844148, 0.0006024565, 0.3955503, 0.0006385941, 1.5459871)
(0.19923244, 0.0013153055, 0.39555362, 0.0014032379, 1.5459785)
(0.19858971, 0.0007421187, 0.39555907, 0.0006805456, 1.5459802)
(0.19820297, 0.0003711754, 0.39554954, 0.0005702101, 1.5459878)
(0.19805086, 0.00023194279, 0.39554092, 0.00048455046, 1.5459863)
(0.19829372, 0.00046978786, 0.3955553, 0.00046281086, 1.5459795)
(0.20067976, 0.0028323377, 0.39555955, 0.00067658117, 1.5459785)
(0.20803069, 0.009700644, 0.39554575, 0.005571733, 1.5459821)
(0.20200135, 0.0038748684, 0.39554286, 0.0035505267, 1.5459894)
(0.19999143, 0.0018472422, 0.39555117, 0.0036860092, 1.5459819)
(0.19893126, 0.0009190345, 0.39555594, 0.002342544, 1.5459726)
(0.19843416, 0.0004953724, 0.39555117, 0.0016319677, 1.5459853)
(0.19836009, 0.00041672483, 0.39554194, 0.0017239219, 1.5459881)
(0.19825102, 0.00037377674, 0.39554477, 0.0010486941, 1.5459802)
(0.19842194, 0.00051994785, 0.39555812, 0.0012292934, 1.5459765)
(0.19907288, 0.001205025, 0.39555132, 0.0009220202, 1.5459795)
(0.1992715, 0.0011633618, 0.3955369, 0.0033968382, 1.5459899)
(0.19874991, 0.0008762572, 0.3955452, 0.001010494, 1.54598)
(0.19852711, 0.00064508535, 0.3955503, 0.0010686729, 1.5459689)
(0.19841005, 0.0005200978, 0.39554784, 0.0011603002, 1.5459821)
(0.19820139, 0.00034367916, 0.39554626, 0.00084576017, 1.5459841)
(0.19815695, 0.0003078683, 0.39553759, 0.00080296444, 1.5459746)
(0.19839826, 0.0005204997, 0.39553857, 0.0010847487, 1.5459743)
(0.19805095, 0.00018241466, 0.39554924, 0.00093914435, 1.5459752)
(0.1983841, 0.0004953671, 0.3955476, 0.0011493951, 1.5459766)
(0.1986047, 0.0007335039, 0.39553064, 0.001058722, 1.5459776)
(0.19865909, 0.00081885373, 0.39552876, 0.00075859623, 1.5459723)
(0.19875252, 0.00089214207, 0.39554822, 0.0008626715, 1.5459716)
(0.1987696, 0.000919729, 0.39555147, 0.00074135466, 1.5459791)
(0.19828376, 0.0004561043, 0.3955322, 0.0006156885, 1.5459756)
(0.19837336, 0.00051641697, 0.39553386, 0.00090011116, 1.5459728)
(0.20021662, 0.0023667465, 0.3955443, 0.00077730214, 1.5459825)
(0.19865157, 0.00081874273, 0.39554244, 0.00061595626, 1.545971)
(0.19883277, 0.0009657135, 0.3955447, 0.00094704545, 1.545968)
(0.19835027, 0.0005155526, 0.39554042, 0.0006450205, 1.5459851)
(0.19904523, 0.0012152876, 0.39552408, 0.0006790265, 1.54598)
(0.20010217, 0.0019632373, 0.39553764, 0.0037010151, 1.5459701)
(0.20059796, 0.0027050646, 0.3955571, 0.0011433746, 1.5459689)
(0.20002693, 0.0021692994, 0.39553717, 0.0008903919, 1.5459758)
(0.20054491, 0.0026590615, 0.39552355, 0.0012406582, 1.5459836)
(0.19838057, 0.00051775377, 0.39553434, 0.00095649855, 1.5459704)
(0.1986267, 0.0007897389, 0.3955403, 0.0006681393, 1.5459647)
(0.19865939, 0.00083924225, 0.39553922, 0.0005053001, 1.5459716)
(0.20023827, 0.0023939502, 0.3955316, 0.00078528526, 1.5459733)
(0.19899292, 0.0011156753, 0.39552426, 0.0011511896, 1.5459762)
(0.20290628, 0.00502724, 0.3955309, 0.001135789, 1.5459746)
(0.19974725, 0.0017791506, 0.3955378, 0.0019920343, 1.5459621)
(0.19872645, 0.0008397418, 0.39553827, 0.0011756886, 1.5459633)
(0.19835368, 0.0005072411, 0.39553064, 0.00081111316, 1.5459831)
(0.1981336, 0.0003128274, 0.39552286, 0.00059340964, 1.5459787)
(0.1986527, 0.0008254402, 0.39553115, 0.0006168314, 1.5459615)
(0.20632906, 0.007203403, 0.39553717, 0.013570724, 1.5459642)
(0.2028272, 0.0041990913, 0.39552948, 0.008633747, 1.5459719)
(0.20042175, 0.0022123447, 0.39552855, 0.004451289, 1.5459805)
(0.19904302, 0.0010494029, 0.3955317, 0.0022775738, 1.5459737)
(0.1984467, 0.00051973015, 0.39552796, 0.0016299523, 1.5459586)
(0.19833763, 0.00043875602, 0.39552963, 0.0013405264, 1.5459704)
(0.1983604, 0.00043780013, 0.39553434, 0.0015542322, 1.5459768)
(0.19823417, 0.00034451068, 0.39553097, 0.001241696, 1.5459701)
(0.1985067, 0.0006593452, 0.39552766, 0.0008352919, 1.5459701)
(0.1980511, 0.00020955903, 0.39552355, 0.000797558, 1.5459673)
(0.19808704, 0.0002467652, 0.39552623, 0.0007715507, 1.5459672)
(0.19850832, 0.00064274494, 0.39553595, 0.00097601535, 1.5459716)
(0.19874911, 0.00065990724, 0.39552754, 0.003254278, 1.5459692)
(0.19970222, 0.001860915, 0.39552033, 0.0008113147, 1.5459647)
(0.19943923, 0.0014363014, 0.3955271, 0.0023938403, 1.5459689)
(0.19923757, 0.0013206457, 0.39552543, 0.001542154, 1.545971)
(0.199195, 0.0013040287, 0.39552358, 0.0012917848, 1.5459652)
(0.19834004, 0.00048347702, 0.39553115, 0.00090997864, 1.5459663)
(0.19819658, 0.00032785535, 0.39552724, 0.0010509116, 1.5459706)
(0.19823492, 0.00041534408, 0.39551616, 0.0006149418, 1.5459719)
(0.19803363, 0.00021880114, 0.39552486, 0.00052396714, 1.5459663)
(0.19864874, 0.0007489932, 0.39553636, 0.0013155433, 1.5459596)
(0.1984682, 0.0006251914, 0.39552623, 0.0007989122, 1.5459745)
(0.19834068, 0.00050916587, 0.3955156, 0.0007372922, 1.5459758)
(0.19862959, 0.0008076654, 0.39552423, 0.0005981297, 1.5459603)
(0.19815856, 0.00033127062, 0.39553308, 0.0006075068, 1.5459652)
(0.19808838, 0.0002788348, 0.39552355, 0.00047769293, 1.5459737)
(0.19822615, 0.0003791684, 0.39552233, 0.00085824967, 1.545968)
(0.19915354, 0.0011541368, 0.3955326, 0.002330983, 1.5459642)
(0.20154794, 0.003634703, 0.39552233, 0.00152064, 1.5459695)
(0.19947636, 0.001573883, 0.39551544, 0.0014476081, 1.5459695)
(0.19893013, 0.0010556306, 0.39553115, 0.0010893133, 1.5459651)
(0.1982145, 0.000358801, 0.395532, 0.0008969582, 1.5459652)
(0.19818437, 0.00037272755, 0.39551494, 0.0005416933, 1.5459692)
(0.19877893, 0.0009510148, 0.39551723, 0.0006930052, 1.545971)
(0.20152088, 0.0036476182, 0.39553034, 0.0010809083, 1.5459652)
(0.19974326, 0.0018546234, 0.39552724, 0.0012501479, 1.5459621)
(0.19878124, 0.00092780526, 0.39552003, 0.000934165, 1.5459689)
(0.19831994, 0.0004791011, 0.39552072, 0.0008047942, 1.5459692)
(0.19808252, 0.0002442973, 0.39552206, 0.000771933, 1.545968)
(0.1981249, 0.00030789623, 0.39552113, 0.0005644033, 1.545966)
(0.1990733, 0.0012404807, 0.39552814, 0.0006875529, 1.5459621)
(0.19861424, 0.00078793324, 0.39553022, 0.0006119268, 1.545971)
(0.19892953, 0.0011141133, 0.39551908, 0.00055886357, 1.5459756)
(0.19930413, 0.0014647143, 0.39551866, 0.0008008287, 1.5459663)
(0.19856884, 0.0007461225, 0.39553452, 0.0005546245, 1.5459635)
(0.19869134, 0.0008762425, 0.3955316, 0.00049297337, 1.5459689)
(0.19867525, 0.00083222945, 0.39551517, 0.0008542614, 1.5459701)
(0.19858839, 0.00076069136, 0.39552042, 0.00067489577, 1.5459689)
(0.19830468, 0.0004965388, 0.39552808, 0.00044101325, 1.5459678)
(0.2034284, 0.0053182244, 0.39552385, 0.0034826095, 1.5459633)
(0.20251758, 0.004402672, 0.39552256, 0.0035363042, 1.5459623)
(0.1997285, 0.0017053466, 0.3955257, 0.0026031036, 1.5459695)
(0.19895664, 0.0010163306, 0.39552206, 0.0017927332, 1.5459723)
(0.19858429, 0.00064800255, 0.3955183, 0.0017713185, 1.5459651)
(0.19831893, 0.0004423417, 0.3955247, 0.0011423646, 1.5459574)
(0.1985152, 0.00057456375, 0.39552963, 0.0017583568, 1.5459682)
(0.1984321, 0.00054385664, 0.39552188, 0.0012730889, 1.5459821)
(0.19833839, 0.00044795754, 0.39551952, 0.0013066478, 1.545968)
(0.19814354, 0.00026356382, 0.39553034, 0.0011481062, 1.5459603)
(0.19842388, 0.0005666022, 0.3955323, 0.00091118936, 1.5459669)
(0.19887607, 0.0010195738, 0.39552355, 0.0009471906, 1.5459756)
(0.19812812, 0.00028995174, 0.3955269, 0.0007472201, 1.5459719)
(0.19812474, 0.00027671992, 0.39552528, 0.00085372187, 1.5459626)
(0.1987501, 0.000912603, 0.39551795, 0.0007851444, 1.5459626)
(0.19880834, 0.0009897529, 0.39552528, 0.0005594887, 1.5459669)
(0.19919223, 0.0013639049, 0.3955286, 0.00064007635, 1.5459723)
(0.19863915, 0.00075091823, 0.39552557, 0.0012544694, 1.54597)
(0.19842863, 0.0006020005, 0.39551967, 0.0006679429, 1.5459635)
(0.19830716, 0.0004844278, 0.39552373, 0.00060871965, 1.5459621)
(0.19997314, 0.0021244942, 0.39553282, 0.00082227634, 1.5459714)
(0.20080625, 0.0028608558, 0.39553016, 0.0018031107, 1.5459765)
(0.19853221, 0.0006662817, 0.39552233, 0.0010475811, 1.5459652)
(0.19822004, 0.00038602948, 0.39552486, 0.00071585743, 1.5459654)
(0.19808887, 0.00026266725, 0.3955255, 0.0006345455, 1.5459733)
(0.19849737, 0.00068472663, 0.395525, 0.00050146005, 1.5459727)
(0.20026942, 0.0024050088, 0.3955361, 0.00096360047, 1.5459659)
(0.19881946, 0.00097578473, 0.39553076, 0.0007829224, 1.5459609)
(0.19855846, 0.00074046955, 0.3955166, 0.00059690827, 1.5459731)
(0.19853802, 0.00071619276, 0.3955202, 0.0006172415, 1.5459752)
(0.19828762, 0.00046717454, 0.39553043, 0.0005522892, 1.5459615)
(0.19829012, 0.0004632631, 0.39553446, 0.00059636385, 1.5459596)
(0.19907328, 0.0011960424, 0.39552733, 0.0011357866, 1.5459752)
(0.19853812, 0.0006792108, 0.39551637, 0.0010072903, 1.5459776)
(0.19836077, 0.0005086902, 0.3955245, 0.00089827954, 1.5459689)
(0.19820482, 0.0003626633, 0.3955371, 0.0007359976, 1.5459614)
(0.19806996, 0.00024689865, 0.39553303, 0.00056552776, 1.5459626)
(0.19902319, 0.0011684429, 0.39552617, 0.00091661385, 1.5459785)
(0.19842589, 0.0005923569, 0.3955219, 0.0007257991, 1.5459745)
(0.19948001, 0.0016375524, 0.39551952, 0.0008269294, 1.5459614)
(0.19961625, 0.0015653628, 0.39553022, 0.0028577936, 1.5459614)
(0.19922134, 0.0012460507, 0.3955326, 0.0020898457, 1.5459663)
(0.19919214, 0.0012801853, 0.39552683, 0.0014853738, 1.5459704)
(0.19854471, 0.00069512706, 0.39552975, 0.0008471502, 1.5459746)
(0.19885911, 0.00097347994, 0.3955258, 0.0012272189, 1.5459663)
(0.19816451, 0.00034229056, 0.39552516, 0.00059645466, 1.5459594)
(0.19800967, 0.00018886762, 0.39553246, 0.0005457646, 1.5459689)
(0.19849809, 0.0006306453, 0.39553115, 0.001018651, 1.5459712)
(0.19912644, 0.0012339572, 0.39552373, 0.0013062236, 1.5459706)
(0.19965456, 0.0017886127, 0.39552832, 0.0010179987, 1.5459669)
(0.19871913, 0.0008632787, 0.39552516, 0.00093267474, 1.5459615)
(0.19902204, 0.0011720855, 0.39552358, 0.0008817196, 1.5459685)
(0.19972213, 0.0018916209, 0.39553097, 0.0006502592, 1.545968)
(0.19868055, 0.0008489507, 0.3955333, 0.00064954563, 1.5459566)
(0.19810165, 0.00028719823, 0.39553106, 0.00048928964, 1.5459652)
(0.19822165, 0.0004062482, 0.39551997, 0.0005542669, 1.5459749)
(0.19875987, 0.0009286196, 0.39551806, 0.00072222634, 1.5459642)
(0.19971624, 0.0016252237, 0.3955352, 0.0032341308, 1.545958)
(0.1990684, 0.00114291, 0.39554068, 0.0015514009, 1.5459647)
(0.19842364, 0.0005714479, 0.3955247, 0.00089841714, 1.5459692)
(0.19820838, 0.00039511392, 0.39552414, 0.00051191484, 1.5459723)
(0.19823484, 0.0004215276, 0.39553034, 0.00048135978, 1.5459635)
(0.19830933, 0.000501453, 0.39552477, 0.00045495317, 1.5459565)
(0.1984787, 0.0006510081, 0.39552715, 0.000641196, 1.5459638)
(0.19818594, 0.00037156336, 0.3955322, 0.000482842, 1.5459638)
(0.19842833, 0.0006009445, 0.39552715, 0.0006380565, 1.5459659)
(0.22729996, 0.028282003, 0.39552256, 0.012566758, 1.5459689)
(0.21138783, 0.012740813, 0.39552355, 0.008852411, 1.5459585)
(0.20405044, 0.0056414474, 0.395532, 0.0064297933, 1.5459554)
(0.2016028, 0.0032807307, 0.39553452, 0.0055480953, 1.5459663)
(0.20057152, 0.0023065358, 0.39552456, 0.005027101, 1.5459652)
(0.20001332, 0.001788237, 0.39552784, 0.00461171, 1.5459584)
(0.19973719, 0.001596748, 0.39553344, 0.0037371684, 1.5459615)
(0.1994663, 0.0013594215, 0.39552137, 0.0034619952, 1.5459633)
(0.19918494, 0.0010900487, 0.39551854, 0.0033561783, 1.5459623)
(0.19891033, 0.0008494356, 0.39553574, 0.002930244, 1.5459586)
(0.1989538, 0.0009822592, 0.39553526, 0.002039225, 1.5459548)
(0.19900236, 0.0009953086, 0.39552256, 0.002457634, 1.5459642)
(0.19880134, 0.000710089, 0.39552033, 0.003310816, 1.5459654)
(0.1986453, 0.0006367778, 0.39552683, 0.0024510883, 1.5459538)
(0.19882506, 0.0007065158, 0.395529, 0.0035404458, 1.5459547)
(0.1990124, 0.0010775675, 0.39552596, 0.0017185707, 1.5459586)
(0.19907908, 0.00090193504, 0.39552596, 0.00414161, 1.5459603)
(0.19869228, 0.000687355, 0.3955312, 0.0023931274, 1.5459638)
(0.19946627, 0.0015567418, 0.39552423, 0.001474201, 1.5459605)
(0.19908631, 0.0011841655, 0.39551908, 0.0014260993, 1.545951)
(0.19906925, 0.001163548, 0.39553285, 0.0013928167, 1.5459566)
(0.19851497, 0.00059888593, 0.3955338, 0.0014918793, 1.5459621)
(0.19888796, 0.00082746684, 0.39552167, 0.0029965213, 1.5459574)
(0.19873893, 0.00077815657, 0.39552104, 0.0020025908, 1.5459574)
(0.19873105, 0.0006910829, 0.39552683, 0.002765493, 1.5459547)
(0.19887121, 0.00088115, 0.39552385, 0.0022814074, 1.5459571)
(0.19951451, 0.0015399135, 0.395525, 0.0021208327, 1.5459576)
(0.19948047, 0.0014299937, 0.39552832, 0.0028632535, 1.5459509)
(0.19887102, 0.0010036032, 0.39552826, 0.0010327757, 1.5459561)
(0.19928975, 0.0013751668, 0.39552277, 0.001532012, 1.5459626)
(0.1985515, 0.00067294564, 0.39551923, 0.0011895194, 1.5459539)
(0.19892454, 0.0010121675, 0.39552882, 0.0014796895, 1.5459495)
(0.19903813, 0.0011672716, 0.39553, 0.0010587509, 1.5459576)
(0.1993007, 0.0014257946, 0.39552113, 0.0011434851, 1.5459576)
(0.19874379, 0.0007778959, 0.3955247, 0.00203541, 1.5459576)
(0.19857737, 0.0006702238, 0.39553148, 0.0014141373, 1.5459584)
(0.19947198, 0.0015822947, 0.39552277, 0.0012830601, 1.5459523)
(0.19874744, 0.00069845014, 0.39551952, 0.0028923117, 1.5459543)
(0.19872549, 0.0007653088, 0.39552855, 0.001959047, 1.5459547)
(0.20194831, 0.0040118657, 0.39553, 0.0017146086, 1.5459547)
(0.20008448, 0.0021456785, 0.39552402, 0.0017679327, 1.5459583)
(0.19902961, 0.0010760532, 0.3955164, 0.0019536018, 1.5459543)
(0.19976398, 0.0017599014, 0.39551866, 0.002447541, 1.5459523)
(0.19971175, 0.0017650786, 0.3955292, 0.0018207734, 1.5459571)
(0.19857745, 0.0006834857, 0.39553016, 0.0012888277, 1.5459548)
(0.19869953, 0.00082674494, 0.39552653, 0.001095213, 1.54595)
(0.1982566, 0.00036720774, 0.39552385, 0.0012746406, 1.5459605)
(0.19847757, 0.0005568133, 0.39551723, 0.0016214532, 1.5459629)
(0.19871184, 0.00083765644, 0.39552072, 0.0011383446, 1.5459504)
(0.19883569, 0.0008278168, 0.3955307, 0.002425177, 1.545948)
(0.19935462, 0.0014223838, 0.39552796, 0.0016825355, 1.5459527)
(0.19891064, 0.0010439433, 0.39551875, 0.0010731802, 1.5459652)
(0.19859989, 0.0006960926, 0.3955198, 0.0014389844, 1.5459633)
(0.19844219, 0.0005635881, 0.39552307, 0.0011706569, 1.5459466)
(0.1988291, 0.0008313448, 0.39552683, 0.0023434495, 1.5459471)
(0.19859254, 0.0007509801, 0.39552596, 0.0007858159, 1.5459586)
(0.19918287, 0.001285043, 0.39552206, 0.0013679408, 1.5459614)
(0.2000858, 0.002221004, 0.39552355, 0.0010302141, 1.5459539)
(0.19855046, 0.0006285509, 0.39552137, 0.0016122097, 1.5459518)
(0.19874285, 0.0008691163, 0.39551806, 0.0011470242, 1.5459527)
(0.19899303, 0.00104043, 0.39552003, 0.0019257803, 1.5459596)
(0.20494604, 0.006352811, 0.3955257, 0.008303814, 1.5459586)
(0.19959968, 0.0016427587, 0.3955274, 0.0019323565, 1.5459508)
(0.19954984, 0.0015324393, 0.3955247, 0.0025505072, 1.5459576)
(0.19837709, 0.0004900233, 0.39551592, 0.0012910591, 1.5459607)
(0.1984452, 0.0005314958, 0.3955164, 0.0015550982, 1.5459561)
(0.19824219, 0.00037138537, 0.39552754, 0.001070289, 1.545953)
(0.19849789, 0.00062129635, 0.39552402, 0.0011458122, 1.5459518)
(0.19857594, 0.0007528946, 0.39551714, 0.000644844, 1.5459561)
(0.19871072, 0.00085544813, 0.39551908, 0.00095743884, 1.5459595)
(0.19911733, 0.0012517055, 0.39552072, 0.0010527304, 1.5459585)
(0.1985216, 0.00063164474, 0.39551568, 0.0013210912, 1.5459508)
(0.19960853, 0.0017364237, 0.39551476, 0.0011473617, 1.5459495)
(0.19922242, 0.0013704189, 0.39551896, 0.0009252494, 1.5459523)
(0.19927269, 0.001331613, 0.39552334, 0.0017940591, 1.545959)
(0.19845839, 0.00061212544, 0.395515, 0.000887708, 1.5459633)
(0.1984626, 0.0006340864, 0.3955085, 0.0007426465, 1.5459508)
(0.19856519, 0.00069376675, 0.39551395, 0.0011444608, 1.5459523)
(0.19986251, 0.001957857, 0.39551568, 0.0014680591, 1.5459585)
(0.19870515, 0.00078539224, 0.395514, 0.001627524, 1.5459554)
(0.19894314, 0.0010257435, 0.39551997, 0.0015741591, 1.5459495)
(0.19846804, 0.000602855, 0.39551723, 0.0010657399, 1.5459527)
(0.19815148, 0.000307901, 0.39549947, 0.00093843776, 1.5459603)
(0.19858702, 0.00076577323, 0.39549696, 0.00072765176, 1.545952)
(0.19852753, 0.00064223696, 0.39550865, 0.001309701, 1.5459424)
(0.19809058, 0.00027698942, 0.3955156, 0.0005579225, 1.5459434)
(0.20061222, 0.0027473224, 0.39550635, 0.0011171729, 1.5459586)
(0.1999725, 0.0018704224, 0.39549935, 0.0035240522, 1.5459594)
(0.19913264, 0.0012408302, 0.3955059, 0.0013885004, 1.545948)
(0.1985238, 0.00060316524, 0.39550638, 0.0016744302, 1.545949)
(0.19836114, 0.0004958351, 0.39549947, 0.0011557946, 1.5459484)
(0.19840802, 0.00055336696, 0.3955043, 0.001025022, 1.5459452)
(0.19857809, 0.00074712886, 0.39551422, 0.0007385521, 1.5459459)
(0.19832458, 0.00045394758, 0.39550215, 0.0011955177, 1.5459516)
(0.19831926, 0.00049068464, 0.3954914, 0.00082882773, 1.54595)
(0.19817969, 0.0003213828, 0.3954964, 0.0011011377, 1.5459404)
(0.19879831, 0.00089423265, 0.39550352, 0.0015232153, 1.5459371)
(0.19946077, 0.0015325941, 0.39550233, 0.0017702079, 1.5459424)
(0.19866484, 0.0008284226, 0.39549774, 0.00087549863, 1.5459478)
(0.1994242, 0.0015105943, 0.3955037, 0.0016175666, 1.5459428)
(0.19885571, 0.00097654585, 0.395506, 0.0012616273, 1.5459409)
(0.19849455, 0.00065393286, 0.39549613, 0.0009255089, 1.5459452)
(0.19906025, 0.0012084034, 0.39549068, 0.0010650354, 1.5459441)
(0.19833657, 0.00047956823, 0.39550093, 0.0010654061, 1.5459394)
(0.19826438, 0.0004284089, 0.3955033, 0.0008431376, 1.5459377)
(0.19812237, 0.0002790965, 0.39549848, 0.0009402158, 1.5459404)
(0.19884098, 0.0010352687, 0.39549804, 0.00056682236, 1.5459437)
(0.20128381, 0.0031254517, 0.39550015, 0.004082768, 1.5459414)
(0.19972107, 0.0018211352, 0.39549923, 0.0015031246, 1.5459387)
(0.19887932, 0.0009958949, 0.39549518, 0.0013582866, 1.5459378)
(0.1982635, 0.00041922033, 0.39549085, 0.0009884527, 1.5459398)
(0.19963562, 0.0017865766, 0.39549947, 0.0009932067, 1.545938)
(0.19942433, 0.0014262984, 0.39550474, 0.0024566366, 1.5459365)
(0.19903539, 0.0011763975, 0.3954983, 0.0010983753, 1.5459392)
(0.1987925, 0.0009711005, 0.39549315, 0.0007482699, 1.5459414)
(0.19878794, 0.00085626775, 0.39549235, 0.0018550567, 1.5459406)
(0.20244631, 0.004598418, 0.39549425, 0.0010077523, 1.5459348)
(0.19968261, 0.00168152, 0.39549926, 0.0025146208, 1.5459338)
(0.19849524, 0.00066241197, 0.39549875, 0.00083452975, 1.5459375)
(0.19822387, 0.000384358, 0.3954988, 0.00090106064, 1.5459403)
(0.19885877, 0.001041491, 0.3955023, 0.0006613017, 1.5459423)
(0.19818978, 0.00036407073, 0.39549682, 0.0007730529, 1.5459392)
(0.1981463, 0.00034701344, 0.3954863, 0.0005613348, 1.5459371)
(0.19817512, 0.0003705785, 0.39549106, 0.00059002603, 1.5459323)
(0.19831273, 0.00045620627, 0.3955014, 0.0010581797, 1.5459304)
(0.19929095, 0.0014298998, 0.39550108, 0.0011050163, 1.5459361)
(0.19912386, 0.0011807091, 0.3954919, 0.0019720017, 1.5459406)
(0.19849522, 0.00056504883, 0.39548838, 0.0018598643, 1.5459385)
(0.1985283, 0.00069202675, 0.39549854, 0.00087012665, 1.5459348)
(0.19841854, 0.000591323, 0.39550015, 0.00077141356, 1.5459367)
(0.19871347, 0.0008907419, 0.39549148, 0.0007698267, 1.5459336)
(0.19890402, 0.0010771169, 0.39549425, 0.0007977926, 1.5459328)
(0.19830856, 0.00045196695, 0.3955028, 0.0010519179, 1.5459377)
(0.19886985, 0.0010541086, 0.39549425, 0.0006862207, 1.5459422)
(0.19813754, 0.00032063306, 0.395487, 0.00073399564, 1.5459378)
(0.20216997, 0.004305985, 0.39549178, 0.0011809554, 1.545926)
(0.19952327, 0.0015540002, 0.39549762, 0.0022045702, 1.5459282)
(0.19869715, 0.0008119415, 0.39549583, 0.0013728787, 1.5459403)
(0.19822656, 0.00040664503, 0.39549178, 0.00074016023, 1.5459394)
(0.19847934, 0.0006682708, 0.39549583, 0.00063154614, 1.5459296)
(0.19862199, 0.0007831298, 0.39550018, 0.00088762806, 1.5459322)
(0.19895817, 0.0011164844, 0.3954926, 0.000953797, 1.5459422)
(0.19892459, 0.0011077219, 0.39548722, 0.00073254283, 1.5459412)
(0.19931217, 0.0013117741, 0.39549688, 0.0025194727, 1.5459327)
(0.19909126, 0.0012278334, 0.39550063, 0.0011311232, 1.5459272)
(0.19906439, 0.0012230505, 0.39549306, 0.000948103, 1.5459365)
(0.19851917, 0.0006918544, 0.39549184, 0.00081400207, 1.5459424)
(0.1981086, 0.00030279267, 0.395495, 0.0005829985, 1.5459346)
(0.19822942, 0.00041120444, 0.3954954, 0.00070499955, 1.545929)
(0.19842593, 0.00061714754, 0.39549285, 0.00062361476, 1.5459338)
(0.20465107, 0.0067043854, 0.39548898, 0.0020219306, 1.5459394)
(0.20097859, 0.0030323525, 0.39549303, 0.001997274, 1.5459378)
(0.19910806, 0.0011434809, 0.3954988, 0.0021517721, 1.5459332)
(0.19845384, 0.00059614296, 0.39549977, 0.0010782401, 1.5459299)
(0.19821437, 0.00035551237, 0.39549774, 0.0010999034, 1.5459377)
(0.19818711, 0.0003531209, 0.39549285, 0.0008756374, 1.5459423)
(0.19822077, 0.0003783038, 0.3954871, 0.0009892175, 1.5459356)
(0.1981426, 0.00033166242, 0.39549136, 0.0006526452, 1.5459309)
(0.20014259, 0.0023407193, 0.39550087, 0.00051436375, 1.5459328)
(0.19861609, 0.0008110405, 0.3954966, 0.0005674423, 1.5459385)
(0.19849098, 0.00066263066, 0.39549205, 0.0008232889, 1.5459392)
(0.19826852, 0.00046569668, 0.39549473, 0.0005545028, 1.5459361)
(0.19837731, 0.00056759914, 0.39549848, 0.0006047323, 1.5459352)
(0.19889706, 0.0011012536, 0.39549285, 0.00049385894, 1.5459385)
(0.20009631, 0.0022810386, 0.39548686, 0.00071838684, 1.5459346)
(0.1988703, 0.0010007195, 0.39549285, 0.0012315647, 1.54593)
(0.198931, 0.0010794571, 0.3955045, 0.0009928744, 1.5459356)
(0.19858983, 0.0007330885, 0.3955012, 0.0010615044, 1.5459433)
(0.19837496, 0.0005747244, 0.39548847, 0.0005599934, 1.5459409)
(0.19803546, 0.00023971658, 0.39548993, 0.0005078069, 1.5459348)
(0.2008917, 0.003086636, 0.39549595, 0.0005709218, 1.5459338)
