(539450.75,)
(9380.317,)
(646.1227,)
(61.611507,)
(33.060673,)
(24.045826,)
(15.870238,)
(13.079309,)
(9.374952,)
(9.021653,)
(6.916508,)
(6.3791,)
(5.2261977,)
(4.119064,)
(4.146878,)
(3.7515345,)
(3.078731,)
(2.9484434,)
(2.3093944,)
(2.369838,)
(1.5220892,)
(1.7932062,)
(1.7331123,)
(1.3749852,)
(1.1394366,)
(0.86854357,)
(1.0867699,)
(0.808151,)
(0.73152745,)
(0.70363593,)
(0.8766302,)
(0.62100345,)
(0.68001163,)
(0.6747525,)
(0.79304206,)
(0.8906611,)
(0.8207577,)
(0.43457025,)
(0.47285268,)
(0.38882747,)
(0.32045174,)
(0.5001961,)
(0.53724474,)
(0.45283762,)
(0.7121109,)
(0.5129466,)
(0.28324908,)
(0.23954076,)
(0.29402423,)
(0.59352577,)
(0.3841704,)
(0.28409413,)
(0.18504868,)
(1.1830242,)
(0.18062405,)
(0.17548062,)
(0.1952169,)
(0.17487514,)
(0.2205624,)
(0.16569522,)
(0.42479554,)
(0.15785636,)
(0.41576648,)
(0.15692772,)
(0.3520721,)
(0.28427702,)
(0.16662303,)
(0.16627914,)
(0.12439175,)
(0.17789824,)
(0.14869002,)
(0.21618229,)
(0.18784194,)
(0.25630563,)
(0.24584325,)
(0.13801773,)
(0.207665,)
(0.14470161,)
(0.1302556,)
(0.13191122,)
(0.13929076,)
(0.13243262,)
(0.13418695,)
(0.10356933,)
(0.10767196,)
(0.12863366,)
(0.27102232,)
(0.17417061,)
(0.10521575,)
(0.14714555,)
(0.12661122,)
(0.101513274,)
(0.11412257,)
(0.104841486,)
(0.111145265,)
(0.09560389,)
(0.214823,)
(0.11835414,)
(0.1083787,)
(0.11793733,)
(0.09342919,)
(0.10603143,)
(0.09443303,)
(0.19207235,)
(0.097778976,)
(0.09330424,)
(0.09705816,)
(0.10497749,)
(0.09682763,)
(0.13085733,)
(0.09483763,)
(0.098374456,)
(0.16113603,)
(0.085596085,)
(0.13996775,)
(0.10144099,)
(0.10017511,)
(0.08852037,)
(0.11105899,)
(0.08904775,)
(0.099532485,)
(0.18095434,)
(0.102055505,)
(0.124477506,)
(0.09658374,)
(0.11168085,)
(0.14812876,)
(0.11030832,)
(0.0859129,)
(0.08196142,)
(0.103416085,)
(0.09402416,)
(0.14882036,)
(0.1573515,)
(0.08689349,)
(0.08731892,)
(0.089082,)
(0.08163056,)
(0.0836069,)
(0.0885567,)
(0.2975467,)
(0.121347144,)
(0.082044035,)
(0.18581559,)
(0.09137087,)
(0.09811265,)
(0.08862917,)
(0.1254817,)
(0.07554767,)
(0.073930286,)
(0.14249721,)
(0.075658165,)
(0.069396414,)
(0.08117981,)
(0.08572005,)
(0.08157446,)
(0.072132826,)
(0.1205807,)
(0.079328515,)
(0.14757185,)
(0.07247582,)
(0.08424089,)
(0.07747161,)
(0.0730197,)
(0.0769774,)
(0.07483236,)
(0.09095517,)
(0.11422515,)
(0.075200744,)
(0.08981375,)
(0.11941019,)
(0.09761802,)
(0.09249553,)
(0.07606684,)
(0.07492731,)
(0.1403884,)
(0.083733186,)
(0.072930515,)
(0.08773173,)
(0.074938945,)
(0.0927196,)
(0.07462372,)
(0.070496574,)
(0.0869925,)
(0.073378205,)
(0.076815374,)
(0.07124159,)
(0.16443376,)
(0.12159532,)
(0.07468243,)
(0.07714753,)
(0.07110746,)
(0.06998844,)
(0.06592746,)
(0.102372,)
(0.14465454,)
(0.0663795,)
(0.0798599,)
(0.06822197,)
(0.0794318,)
(0.06731711,)
(0.07322176,)
(0.07033628,)
(0.06597866,)
(0.0692171,)
(0.07857342,)
(0.07180645,)
(0.07440154,)
(0.07046979,)
(0.07363583,)
(0.07428144,)
(0.08996899,)
(0.07310317,)
(0.07246723,)
(0.117989734,)
(0.07058224,)
(0.07474634,)
(0.06958465,)
(0.06309416,)
(0.15971959,)
(0.11012925,)
(0.06987928,)
(0.07020322,)
(0.0675337,)
(0.0697327,)
(0.06566635,)
(0.06679742,)
(0.06536014,)
(0.07501672,)
(0.06707418,)
(0.06427778,)
(0.06458752,)
(0.06866835,)
(0.07249768,)
(0.07086575,)
(0.068037145,)
(0.06317744,)
(0.0713689,)
(0.09889189,)
(0.06675299,)
(0.06898929,)
(0.06348544,)
(0.068733774,)
(0.07705687,)
(0.094833694,)
(0.083042204,)
(0.06533253,)
(0.07957944,)
(0.065618955,)
(0.06329095,)
(0.06540707,)
(0.062235627,)
(0.064992696,)
(0.069666944,)
(0.06582448,)
(0.06615877,)
(0.06364077,)
(0.067789644,)
(0.068559214,)
(0.07211304,)
(0.06462488,)
(0.06553244,)
(0.06372588,)
(0.06209063,)
(0.07399884,)
(0.06428678,)
(0.068472035,)
(0.07179117,)
(0.061162036,)
(0.061307512,)
(0.07106624,)
(0.06949728,)
(0.062891036,)
(0.09593804,)
(0.071108654,)
(0.062535144,)
(0.06415165,)
(0.06377334,)
(0.06843655,)
(0.06020037,)
(0.06300241,)
(0.061672926,)
(0.062028553,)
(0.061638728,)
(0.06552148,)
(0.059761792,)
(0.068748415,)
(0.064429805,)
(0.06351424,)
(0.0674912,)
(0.06369482,)
(0.0689461,)
(0.06545696,)
(0.060102373,)
(0.06017758,)
(0.06204437,)
(0.08535304,)
(0.0718242,)
(0.061586954,)
(0.07834704,)
(0.06282458,)
(0.070628345,)
(0.065132275,)
(0.061896775,)
(0.06002187,)
(0.058540344,)
(0.059265118,)
(0.06774646,)
(0.06273394,)
(0.062298547,)
(0.06263763,)
(0.059750628,)
(0.06680919,)
(0.06246896,)
(0.06357943,)
(0.06270379,)
(0.061142474,)
(0.065492816,)
(0.060157556,)
(0.0867501,)
(0.05942895,)
(0.06240129,)
(0.06308896,)
(0.06506004,)
(0.061636973,)
(0.06681823,)
(0.0637926,)
(0.06170764,)
(0.06170161,)
(0.068431854,)
(0.064837106,)
(0.060553055,)
(0.079384714,)
(0.063527666,)
(0.060602877,)
(0.06538231,)
(0.0695325,)
(0.06684513,)
(0.061617784,)
(0.05987881,)
(0.057719026,)
(0.06709901,)
(0.059437692,)
(0.057796475,)
(0.062263034,)
(0.06420028,)
(0.059364133,)
(0.0891454,)
(0.06252415,)
(0.063654855,)
(0.06398715,)
(0.06450657,)
(0.068651706,)
(0.059327018,)
(0.06362005,)
(0.06411967,)
(0.06190541,)
(0.062138848,)
(0.058882978,)
(0.09508554,)
(0.062730946,)
(0.06336187,)
(0.07109138,)
(0.057992235,)
(0.063797325,)
(0.069899745,)
(0.059167534,)
(0.05904302,)
(0.059812844,)
(0.06112056,)
(0.06747254,)
(0.06682599,)
(0.06538235,)
(0.060851373,)
(0.057808314,)
(0.07900814,)
(0.061547954,)
(0.061015427,)
(0.081893444,)
(0.060566593,)
(0.05715192,)
(0.059739426,)
(0.060715623,)
(0.058604963,)
(0.05849326,)
(0.060178105,)
(0.10473785,)
(0.06085661,)
(0.05807908,)
(0.0589455,)
(0.06237392,)
(0.05917364,)
(0.060517386,)
(0.062440228,)
(0.06556176,)
(0.06288546,)
(0.058766343,)
(0.06038279,)
(0.059294477,)
(0.06606746,)
(0.058861338,)
(0.05816656,)
(0.055490643,)
(0.061453607,)
(0.0584839,)
(0.060687672,)
(0.06579411,)
(0.06506149,)
(0.066859774,)
(0.05760124,)
(0.060607284,)
(0.05955763,)
(0.056641083,)
(0.061347846,)
(0.05916749,)
(0.05952889,)
(0.05679759,)
(0.058037117,)
(0.058636762,)
(0.059378274,)
(0.05892587,)
(0.059165765,)
(0.08608955,)
(0.06885402,)
(0.061596546,)
(0.05949169,)
(0.059005987,)
(0.061353378,)
(0.058902893,)
(0.061658457,)
(0.058278855,)
(0.060722813,)
(0.05929889,)
(0.055607643,)
(0.05671959,)
(0.058353435,)
(0.058826588,)
(0.05983701,)
(0.061082806,)
(0.05705721,)
(0.057825375,)
(0.058253862,)
(0.05720545,)
(0.05999572,)
(0.058248714,)
(0.058213167,)
(0.05657481,)
(0.060458057,)
(0.06125052,)
(0.06403306,)
(0.057050686,)
(0.055768996,)
(0.062695816,)
(0.061359905,)
(0.061122082,)
(0.057891637,)
(0.058542892,)
(0.062082656,)
(0.05932357,)
(0.057441708,)
(0.06327916,)
(0.061074067,)
(0.067486584,)
(0.06246702,)
(0.060143597,)
(0.056599565,)
(0.05983164,)
(0.0559735,)
(0.05987207,)
(0.0575275,)
(0.058385983,)
(0.058254026,)
(0.05745133,)
(0.055893354,)
(0.079897314,)
(0.05829414,)
(0.0607486,)
(0.05905749,)
(0.05707346,)
(0.057684757,)
(0.058491193,)
(0.061894152,)
(0.055305883,)
(0.059898466,)
(0.060875885,)
(0.06031041,)
(0.056390114,)
(0.06770693,)
(0.058730256,)
(0.061666265,)
(0.055641368,)
(0.062027454,)
(0.057291266,)
(0.05888908,)
(0.05970369,)
(0.057471294,)
(0.05670863,)
(0.05663313,)
(0.06289656,)
(0.056236036,)
(0.05709681,)
(0.059253335,)
(0.05793844,)
(0.06401703,)
(0.057040296,)
(0.056658797,)
(0.0560519,)
(0.06270695,)
(0.058360532,)
(0.05972755,)
(0.05727507,)
(0.061528325,)
(0.05562071,)
(0.056238573,)
(0.05545423,)
(0.05964292,)
(0.061060905,)
(0.05669079,)
(0.056894217,)
(0.05599133,)
(0.05807619,)
(0.05851087,)
(0.059197593,)
(0.057518214,)
(0.05828406,)
(0.058415733,)
(0.057996355,)
(0.05569597,)
(0.058568098,)
(0.061314724,)
(0.0670261,)
(0.056964405,)
(0.058033608,)
(0.05551424,)
(0.059433162,)
(0.056016598,)
(0.056641195,)
(0.057727247,)
(0.055682108,)
(0.058939647,)
(0.06371855,)
(0.05832047,)
(0.055242166,)
(0.06617588,)
(0.05694902,)
(0.055618346,)
(0.054969978,)
(0.059060346,)
(0.05838596,)
(0.056040365,)
(0.06023415,)
(0.059329167,)
(0.07161585,)
(0.07128242,)
(0.058028013,)
(0.0609276,)
(0.055968072,)
(0.05706975,)
(0.05658801,)
(0.057346188,)
(0.056720436,)
(0.058033496,)
(0.058515485,)
(0.05972263,)
(0.05789531,)
(0.05752587,)
(0.06612868,)
(0.06334954,)
(0.05813152,)
(0.055776447,)
(0.058474742,)
(0.054428324,)
(0.05667766,)
(0.06255764,)
(0.058462363,)
(0.058610495,)
(0.05642712,)
(0.057114594,)
(0.055365603,)
(0.05816455,)
(0.05654415,)
(0.059072882,)
(0.058108814,)
(0.056641214,)
(0.059048902,)
(0.06305672,)
(0.059956945,)
(0.05741746,)
(0.059533138,)
(0.059089586,)
(0.05565198,)
(0.05532136,)
(0.05726512,)
(0.061859526,)
(0.058696397,)
(0.055164617,)
(0.05619078,)
(0.057748854,)
(0.05575666,)
(0.056417428,)
(0.05955806,)
(0.05804982,)
(0.05415614,)
(0.056399345,)
(0.057088,)
(0.05733212,)
(0.060560323,)
(0.057604365,)
(0.0580109,)
(0.057192322,)
(0.056879766,)
(0.053777467,)
(0.057318173,)
(0.05768796,)
(0.05633221,)
(0.055584595,)
(0.061192617,)
(0.056127913,)
(0.056035377,)
(0.055351794,)
(0.0557851,)
(0.060633473,)
(0.057380468,)
(0.055014048,)
(0.05791135,)
(0.056091674,)
(0.058276083,)
(0.055229537,)
(0.05556129,)
(0.06088116,)
(0.054898143,)
(0.05944579,)
(0.058684677,)
(0.055655308,)
(0.057193838,)
(0.061304804,)
(0.05696349,)
(0.05856723,)
(0.05558867,)
(0.05542723,)
(0.05861665,)
(0.057175495,)
(0.05679618,)
(0.053269412,)
(0.057647258,)
(0.05798291,)
(0.05385693,)
(0.05588388,)
(0.059372716,)
(0.05672284,)
(0.0587734,)
(0.05777458,)
(0.057553537,)
(0.057244536,)
(0.05970552,)
(0.057332035,)
(0.057068445,)
(0.05685081,)
(0.06210488,)
(0.056414876,)
(0.057220675,)
(0.057503853,)
(0.057593785,)
(0.05673445,)
(0.055877373,)
(0.055395126,)
(0.056087155,)
(0.05740885,)
(0.0578733,)
(0.07776046,)
(0.062878326,)
(0.056467757,)
(0.05765501,)
(0.059822284,)
(0.05725452,)
(0.057271264,)
(0.055205893,)
(0.056753263,)
(0.056426153,)
(0.0563281,)
(0.057585634,)
(0.057590052,)
(0.056219798,)
(0.055147767,)
(0.057614826,)
(0.05728846,)
(0.057686396,)
(0.05955655,)
(0.056309864,)
(0.056947485,)
(0.0587252,)
(0.05892539,)
(0.05415894,)
(0.054791063,)
(0.05640103,)
(0.054156084,)
(0.059264965,)
(0.056907598,)
(0.056988675,)
(0.05785082,)
(0.05883435,)
(0.061480828,)
(0.055127665,)
(0.056842312,)
(0.05702415,)
(0.062043224,)
(0.056520905,)
(0.05539802,)
(0.057553608,)
(0.06451582,)
(0.05796202,)
(0.055780143,)
(0.057668835,)
(0.055865914,)
(0.053184688,)
(0.05543462,)
(0.057252496,)
(0.057864986,)
(0.056994215,)
(0.062089276,)
(0.060930617,)
(0.05436809,)
(0.05760589,)
(0.05534551,)
(0.057474196,)
(0.05543043,)
(0.055186078,)
(0.055749662,)
(0.06100757,)
(0.054428462,)
(0.053712163,)
(0.056384668,)
(0.059382685,)
(0.05647762,)
(0.05382871,)
(0.05559411,)
(0.05309121,)
(0.05273174,)
(0.056468174,)
(0.054227535,)
(0.053396575,)
(0.05527284,)
(0.057138737,)
(0.05580604,)
(0.057247758,)
(0.054829128,)
(0.057418436,)
(0.054607686,)
(0.052274495,)
(0.05606959,)
(0.05600676,)
(0.057494376,)
(0.060160484,)
(0.053478442,)
(0.059141483,)
(0.05808578,)
(0.05758827,)
(0.053747177,)
(0.055417933,)
(0.055540442,)
(0.055048034,)
(0.055203423,)
(0.057303514,)
(0.05780469,)
(0.056581374,)
(0.05590615,)
(0.054995436,)
(0.058846798,)
(0.055430114,)
(0.055395085,)
(0.059165757,)
(0.05787833,)
(0.0596718,)
(0.057180464,)
(0.056589603,)
(0.052414406,)
(0.0547476,)
(0.058150038,)
(0.055018246,)
(0.057467617,)
(0.054754335,)
(0.05657532,)
(0.05699017,)
(0.05348096,)
(0.056200854,)
(0.055474095,)
(0.05585397,)
(0.05432158,)
(0.059050396,)
(0.05479423,)
(0.053816415,)
(0.054040372,)
(0.054979745,)
(0.05447482,)
(0.057326056,)
(0.056113217,)
(0.051552255,)
(0.059252765,)
(0.056852,)
(0.058906045,)
(0.053802498,)
(0.057132762,)
(0.055877205,)
(0.05342441,)
(0.05508399,)
(0.055707373,)
(0.054428615,)
(0.055257678,)
(0.055011787,)
(0.056999393,)
(0.057500973,)
(0.05790081,)
(0.05479981,)
(0.05494405,)
(0.055091724,)
(0.055440266,)
(0.052405395,)
(0.05509015,)
(0.05513164,)
(0.05976792,)
(0.054573484,)
(0.055588793,)
(0.05463332,)
(0.05359342,)
(0.055014256,)
(0.055511527,)
(0.056408294,)
(0.056183014,)
(0.055696893,)
(0.055778764,)
(0.053497024,)
(0.054517917,)
(0.055633646,)
(0.05317398,)
(0.05556695,)
(0.053172685,)
(0.056855895,)
(0.058795564,)
(0.054716405,)
(0.056190215,)
(0.054044694,)
(0.057542697,)
(0.052313685,)
(0.05135915,)
(0.05477521,)
(0.058325283,)
(0.05406216,)
(0.054932766,)
(0.05309382,)
(0.053124018,)
(0.05196378,)
(0.053088076,)
(0.053811494,)
(0.05725473,)
(0.05609616,)
(0.054139897,)
(0.06012925,)
(0.055171847,)
(0.0538325,)
(0.05725921,)
(0.05241875,)
(0.053194534,)
(0.054755833,)
(0.055340912,)
(0.05850407,)
(0.053807795,)
(0.052930422,)
(0.059110478,)
(0.059603892,)
(0.05218581,)
(0.0542861,)
(0.05356433,)
(0.053327154,)
(0.056015804,)
(0.05863615,)
(0.057061985,)
(0.053733516,)
(0.055850584,)
(0.054364067,)
(0.057946045,)
(0.057893306,)
(0.058291025,)
(0.055715647,)
(0.05466427,)
(0.054660376,)
(0.0538463,)
(0.05633238,)
(0.058408156,)
(0.05261479,)
(0.051654384,)
(0.056028124,)
(0.05233644,)
(0.054561704,)
(0.05683665,)
(0.05752033,)
(0.051023714,)
(0.056191146,)
(0.05340842,)
(0.054633327,)
(0.05365888,)
(0.052694682,)
(0.053800657,)
(0.052553214,)
(0.050384574,)
(0.051736187,)
(0.05551325,)
(0.054837655,)
(0.052424744,)
(0.052591007,)
(0.052198082,)
(0.05211034,)
(0.052573025,)
(0.060375474,)
(0.054388348,)
(0.052681357,)
(0.052700866,)
(0.052954007,)
(0.051895097,)
(0.054286774,)
(0.057772886,)
(0.051970363,)
(0.05448261,)
(0.053948097,)
(0.056088533,)
(0.055663235,)
(0.054011438,)
(0.054304734,)
(0.051205628,)
(0.053257406,)
(0.053618982,)
(0.053429883,)
(0.052252226,)
(0.05040052,)
(0.052246056,)
(0.05387799,)
(0.05142873,)
(0.05427313,)
(0.05105924,)
(0.05073412,)
(0.05387017,)
(0.05067469,)
(0.051998477,)
(0.0511549,)
(0.0525065,)
(0.05201396,)
(0.05361262,)
(0.053957634,)
(0.051109593,)
(0.058944087,)
(0.051081352,)
(0.054810967,)
(0.051728554,)
(0.05017095,)
(0.049978405,)
(0.051755663,)
(0.051012963,)
(0.0498363,)
(0.051473983,)
(0.053725563,)
(0.05132522,)
(0.05220001,)
(0.050613064,)
(0.0522983,)
(0.053477153,)
(0.049076587,)
(0.052576385,)
(0.050973773,)
(0.053178016,)
(0.050045524,)
(0.049883284,)
(0.050903037,)
(0.050089084,)
(0.053644557,)
(0.051398773,)
(0.0498033,)
(0.052659914,)
(0.050780583,)
(0.049855288,)
(0.051235214,)
(0.05229623,)
(0.05060998,)
(0.05010074,)
(0.05184986,)
(0.049931407,)
(0.05145918,)
(0.048495844,)
(0.05577954,)
(0.056253638,)
(0.04951562,)
(0.049543355,)
(0.05249009,)
(0.05061391,)
(0.050680667,)
(0.047821276,)
(0.047908437,)
(0.04940348,)
(0.047623217,)
(0.047645487,)
(0.051344205,)
(0.04756631,)
(0.049111024,)
(0.04894029,)
(0.047859944,)
(0.047825508,)
(0.04789108,)
(0.0542448,)
(0.05238953,)
(0.050918706,)
(0.04721921,)
(0.048730172,)
(0.045914985,)
(0.047145873,)
(0.04812642,)
(0.050949473,)
(0.048083737,)
(0.04912003,)
(0.052396167,)
(0.049443066,)
(0.04739625,)
(0.0480702,)
(0.049127713,)
(0.049120992,)
(0.04588235,)
(0.046401516,)
(0.053429812,)
(0.04896392,)
(0.04908456,)
(0.048074465,)
(0.04499942,)
(0.047638908,)
(0.048093166,)
(0.04729678,)
(0.049499042,)
(0.048578117,)
(0.048676345,)
(0.04756207,)
(0.047425263,)
(0.05013202,)
(0.04819925,)
(0.04718511,)
(0.050042406,)
(0.050801657,)
(0.04714191,)
(0.050314065,)
(0.046806507,)
(0.04576367,)
(0.047454357,)
(0.046217132,)
(0.047480762,)
(0.0474111,)
(0.04597167,)
(0.046763778,)
(0.045160763,)
(0.04935582,)
(0.04582055,)
(0.046053894,)
(0.047624286,)
(0.04523139,)
(0.044385593,)
(0.04611727,)
(0.046440165,)
(0.047421366,)
(0.044272196,)
(0.04520593,)
(0.046214856,)
(0.04623457,)
(0.046533395,)
(0.04828068,)
(0.04430521,)
(0.044488057,)
(0.04596713,)
(0.044909284,)
(0.044440836,)
(0.048159022,)
(0.047912642,)
(0.0439862,)
(0.047093354,)
(0.04662874,)
(0.044593878,)
(0.044478692,)
(0.047636554,)
(0.04401052,)
(0.044984415,)
(0.045346797,)
(0.04513175,)
(0.045368783,)
(0.045456775,)
(0.045999404,)
(0.043331906,)
(0.04380981,)
(0.043265454,)
(0.047408078,)
(0.045834407,)
(0.04214839,)
(0.043382782,)
(0.04816582,)
(0.043940812,)
(0.04370593,)
(0.043791413,)
(0.044254176,)
(0.04278088,)
(0.04266032,)
(0.042474274,)
(0.04398658,)
(0.041854743,)
(0.044182442,)
(0.04330791,)
(0.04275512,)
(0.041866165,)
(0.04272292,)
(0.04485508,)
(0.045952883,)
(0.047925822,)
(0.04240998,)
(0.039046474,)
(0.04149423,)
(0.040936787,)
(0.041222572,)
(0.043193016,)
(0.04432738,)
(0.039601468,)
(0.04348184,)
(0.04324296,)
(0.042285442,)
(0.042137034,)
(0.045094658,)
(0.04229388,)
(0.04193297,)
(0.042855617,)
(0.040904816,)
(0.042218145,)
(0.043458983,)
(0.040014293,)
(0.04343495,)
(0.04065269,)
(0.041662473,)
(0.040412445,)
(0.03964249,)
(0.04538074,)
(0.039661065,)
(0.040255025,)
(0.03995394,)
(0.042211905,)
(0.04346041,)
(0.038742404,)
(0.03953483,)
(0.039080955,)
(0.03865299,)
(0.04152096,)
(0.043875825,)
(0.040934958,)
(0.043056965,)
(0.040558632,)
(0.038855717,)
(0.038921457,)
(0.037388355,)
(0.038812637,)
(0.039014664,)
(0.038231805,)
(0.039056953,)
(0.036291458,)
(0.037350833,)
(0.04457011,)
(0.04012844,)
(0.038388662,)
(0.03991202,)
(0.038470358,)
(0.03942557,)
(0.03643433,)
(0.034982093,)
(0.0363288,)
(0.04069025,)
(0.039159376,)
(0.038546853,)
(0.03833638,)
(0.037412893,)
(0.036046322,)
(0.037193492,)
(0.039429434,)
(0.03892205,)
(0.03651058,)
(0.036367286,)
(0.036264952,)
(0.03591764,)
(0.035910398,)
(0.037743323,)
(0.036563,)
(0.039519913,)
(0.036429074,)
(0.03559553,)
(0.037348088,)
(0.035723887,)
(0.03930542,)
(0.036133055,)
(0.036169857,)
(0.0353293,)
(0.037858706,)
(0.03610156,)
(0.03534855,)
(0.035762712,)
(0.036648348,)
(0.034041636,)
(0.036812656,)
(0.039283775,)
(0.037044086,)
(0.033665814,)
(0.03542538,)
(0.03883645,)
(0.034482803,)
(0.037289053,)
(0.03463201,)
(0.034998234,)
(0.03570576,)
(0.034238502,)
(0.03278643,)
(0.039273158,)
(0.035126187,)
(0.03719975,)
(0.03527367,)
(0.03494403,)
(0.036614716,)
(0.033354297,)
(0.036215533,)
(0.03637425,)
(0.036398526,)
(0.034340452,)
(0.034611546,)
(0.03575552,)
(0.033324763,)
(0.03390234,)
(0.039381422,)
(0.0370921,)
(0.03638933,)
(0.032243367,)
(0.032780178,)
(0.03456503,)
(0.03368854,)
(0.031688605,)
(0.0339047,)
(0.035081044,)
(0.034183174,)
(0.034607656,)
(0.035246793,)
(0.035143286,)
(0.034821115,)
(0.034512624,)
(0.03315689,)
(0.031451233,)
(0.03259421,)
(0.033268616,)
(0.032316305,)
(0.031482242,)
(0.033246882,)
(0.032420337,)
(0.031066876,)
(0.031886194,)
(0.033314794,)
(0.030659946,)
(0.030850612,)
(0.03284233,)
(0.03506644,)
(0.03154715,)
(0.031144388,)
(0.031230193,)
(0.031956945,)
(0.033966325,)
(0.032725506,)
(0.031807985,)
(0.032394856,)
(0.036245473,)
(0.033838935,)
(0.033900853,)
(0.030789219,)
(0.030173799,)
(0.031492665,)
(0.031031935,)
(0.03033337,)
(0.03150256,)
(0.029354626,)
(0.033178248,)
(0.03161635,)
(0.03377207,)
(0.039284293,)
(0.031299967,)
(0.03133826,)
(0.030666353,)
(0.031516753,)
(0.030476615,)
(0.031009424,)
(0.029701613,)
(0.029206257,)
(0.029509578,)
(0.03301189,)
(0.031088443,)
(0.02707787,)
(0.028706409,)
(0.028466206,)
(0.03373082,)
(0.03076709,)
(0.02942428,)
(0.030518226,)
(0.029509585,)
(0.02870198,)
(0.030413328,)
(0.029558957,)
(0.030383937,)
(0.029265553,)
(0.03160677,)
(0.029371811,)
(0.03417871,)
(0.032490026,)
(0.028894499,)
(0.028028905,)
(0.027755737,)
(0.028842105,)
(0.030892007,)
(0.028151616,)
(0.029285513,)
(0.029655963,)
(0.029543418,)
(0.03010163,)
(0.031825043,)
(0.029942501,)
(0.029975507,)
(0.032972675,)
(0.029242877,)
(0.03151726,)
(0.02952531,)
(0.028103549,)
(0.027413908,)
(0.026456812,)
(0.027326215,)
(0.030739857,)
(0.028780302,)
(0.028622877,)
(0.029043438,)
(0.02724414,)
(0.02719178,)
(0.030361444,)
(0.027395755,)
(0.029736795,)
(0.028375696,)
(0.02664106,)
(0.027235407,)
(0.029612532,)
(0.02834092,)
(0.032866742,)
(0.026572421,)
(0.026399188,)
(0.027048858,)
(0.025631044,)
(0.028884187,)
(0.028274804,)
(0.030772775,)
(0.027107984,)
(0.025818516,)
(0.027220283,)
(0.02804846,)
(0.025676362,)
(0.028310494,)
(0.027774312,)
(0.026962902,)
(0.026958792,)
(0.027012495,)
(0.029218689,)
(0.028175632,)
(0.026427636,)
(0.02840654,)
(0.029330665,)
(0.026123917,)
(0.026958559,)
(0.027339492,)
(0.026646271,)
(0.027070869,)
(0.025911186,)
(0.02909522,)
(0.027358964,)
(0.026711116,)
(0.025503473,)
(0.02757411,)
(0.02666411,)
(0.026818752,)
(0.027588908,)
(0.026061215,)
(0.025430588,)
(0.027203342,)
(0.025286125,)
(0.028426806,)
(0.026079843,)
(0.027341314,)
(0.026111037,)
(0.028380318,)
(0.027920956,)
(0.028568346,)
(0.026617538,)
(0.025287626,)
(0.02657985,)
(0.028239412,)
(0.02535866,)
(0.025123265,)
(0.02676988,)
(0.02912548,)
(0.025345769,)
(0.02598038,)
(0.024319919,)
(0.025183588,)
(0.026119046,)
(0.027077232,)
(0.025940344,)
(0.025003757,)
(0.026323963,)
(0.024686582,)
(0.022715282,)
(0.024463164,)
(0.026977904,)
(0.028808707,)
(0.025178466,)
(0.026242115,)
(0.025308797,)
(0.023749214,)
(0.025065508,)
(0.024755368,)
(0.024139231,)
(0.023873981,)
(0.024450328,)
(0.026408538,)
(0.025293995,)
(0.024509316,)
(0.023614476,)
(0.025547702,)
(0.02788249,)
(0.02486903,)
(0.024887465,)
(0.027106449,)
(0.024229335,)
(0.025419544,)
(0.023180591,)
(0.0238456,)
(0.023603583,)
(0.025322698,)
(0.022304196,)
(0.024257429,)
(0.025302777,)
(0.02431266,)
(0.025341853,)
(0.024122598,)
(0.022575084,)
(0.024123747,)
(0.022858933,)
(0.02638516,)
(0.026321214,)
(0.032739382,)
(0.025175255,)
(0.024578616,)
(0.025957886,)
(0.024113383,)
(0.02234987,)
(0.025176777,)
(0.022853471,)
(0.021389589,)
(0.022841997,)
(0.024218606,)
(0.02121181,)
(0.023145372,)
(0.021789314,)
(0.022392511,)
(0.0217822,)
(0.022107095,)
(0.022016548,)
(0.021111809,)
(0.020915696,)
(0.022137292,)
(0.021573063,)
(0.021412788,)
(0.021731697,)
(0.021389866,)
(0.020949772,)
(0.036695816,)
(0.027913526,)
(0.02350023,)
(0.022862097,)
(0.023317672,)
(0.025929224,)
(0.022527164,)
(0.021888275,)
(0.021352489,)
(0.022252345,)
(0.028709352,)
(0.027965706,)
(0.023203937,)
(0.021954406,)
(0.020390037,)
(0.020769287,)
(0.02250944,)
(0.021282999,)
(0.021476738,)
(0.02051201,)
(0.020265885,)
(0.02214804,)
(0.024016684,)
(0.020675607,)
(0.0208569,)
(0.021723446,)
(0.020228647,)
(0.021557309,)
(0.021549426,)
(0.02174382,)
(0.020412177,)
(0.019949332,)
(0.01962243,)
(0.022020038,)
(0.021038271,)
(0.021682411,)
(0.02366406,)
(0.023742985,)
(0.02068511,)
(0.020315364,)
(0.019987162,)
(0.020623986,)
(0.02023258,)
(0.021207714,)
(0.02486498,)
(0.022462869,)
(0.021652196,)
(0.01941996,)
(0.020239253,)
(0.021476105,)
(0.021603577,)
(0.020877527,)
(0.018204808,)
(0.019073885,)
(0.019436784,)
(0.022000883,)
(0.021917485,)
(0.020816676,)
(0.019722683,)
(0.019221775,)
(0.019432906,)
(0.02006875,)
(0.021915682,)
(0.027089689,)
(0.02805671,)
(0.023344997,)
(0.019347575,)
(0.02195149,)
(0.021462185,)
(0.020443223,)
(0.020500354,)
(0.022068424,)
(0.018906526,)
(0.018749395,)
(0.018824417,)
(0.019202363,)
(0.018586205,)
(0.020050894,)
(0.01836473,)
(0.02258391,)
(0.021353293,)
(0.019416198,)
(0.01925588,)
(0.019054197,)
(0.018705353,)
(0.018951356,)
(0.01848677,)
(0.020579567,)
(0.019304577,)
(0.018532002,)
(0.020039223,)
(0.019453954,)
(0.021379229,)
(0.020467028,)
(0.018306784,)
(0.02210816,)
(0.019246956,)
(0.018937785,)
(0.01932941,)
(0.01727027,)
(0.018841403,)
(0.018954564,)
(0.018089786,)
(0.019311722,)
(0.019360714,)
(0.021819051,)
(0.018123489,)
(0.019557668,)
(0.024942575,)
(0.019445967,)
(0.01918194,)
(0.01807474,)
(0.017955251,)
(0.017744418,)
(0.019336656,)
(0.019371718,)
(0.019287147,)
(0.021703552,)
(0.019798487,)
(0.01835309,)
(0.018537778,)
(0.019556794,)
(0.017075596,)
(0.018966887,)
(0.022258077,)
(0.021213334,)
(0.020426914,)
(0.019653648,)
(0.018151583,)
(0.017418392,)
(0.01838041,)
(0.020091984,)
(0.018630378,)
(0.018653153,)
(0.018322073,)
(0.017968768,)
(0.01709155,)
(0.017977057,)
(0.018954592,)
(0.017910896,)
(0.017860789,)
(0.018207503,)
(0.01755575,)
(0.01745549,)
(0.019819845,)
(0.018654894,)
(0.017536685,)
(0.017822111,)
(0.024446342,)
(0.020886805,)
(0.018954292,)
(0.01803789,)
(0.01881948,)
(0.019899443,)
(0.020913014,)
(0.019394048,)
(0.023550969,)
(0.020732433,)
(0.018718168,)
(0.018908512,)
(0.018520702,)
(0.017575694,)
(0.018171523,)
(0.018451974,)
(0.017625578,)
(0.017617686,)
(0.0167475,)
(0.016883526,)
(0.019125886,)
(0.019198023,)
(0.018007506,)
(0.019035801,)
(0.019424945,)
(0.017095951,)
(0.017572634,)
(0.017041523,)
(0.017266948,)
(0.018804893,)
(0.017686764,)
(0.018623564,)
(0.016616326,)
(0.016796947,)
(0.01624053,)
(0.016782584,)
(0.016708173,)
(0.019581826,)
(0.021773465,)
(0.018693294,)
(0.018108398,)
(0.017007906,)
(0.018015891,)
(0.01657758,)
(0.016772188,)
(0.017375927,)
(0.01558407,)
(0.018386342,)
(0.021746691,)
(0.020127725,)
(0.021874834,)
(0.019336922,)
(0.017140806,)
(0.01639361,)
(0.018147316,)
(0.016705753,)
(0.01733473,)
(0.017191159,)
(0.020189535,)
(0.018570885,)
(0.017257642,)
(0.016752955,)
(0.016779736,)
(0.016540047,)
(0.017534219,)
(0.018857721,)
(0.01929241,)
(0.019462315,)
(0.017042624,)
(0.018556394,)
(0.016757347,)
(0.017426353,)
(0.015905382,)
(0.022985622,)
(0.018058721,)
(0.016923998,)
(0.016819384,)
(0.016417544,)
(0.015463527,)
(0.018236693,)
(0.016424626,)
(0.017703187,)
(0.019879967,)
(0.018839438,)
(0.018237531,)
(0.020507898,)
(0.02243802,)
(0.019570563,)
(0.016537657,)
(0.019196264,)
(0.019075295,)
(0.01931392,)
(0.016020961,)
(0.017368449,)
(0.01591847,)
(0.016120456,)
(0.015423775,)
(0.016346935,)
(0.019412423,)
(0.0192131,)
(0.018157955,)
(0.018077195,)
(0.015979223,)
(0.017596837,)
(0.015346969,)
(0.01626484,)
(0.015892752,)
(0.015269235,)
(0.017269317,)
(0.017376615,)
(0.017132703,)
(0.019207072,)
(0.017161688,)
(0.017329663,)
(0.016168443,)
(0.016993238,)
(0.016392201,)
(0.023135439,)
(0.020883854,)
(0.017366748,)
(0.015799135,)
(0.017002204,)
(0.015898924,)
(0.016743287,)
(0.01719867,)
(0.01691074,)
(0.01745829,)
(0.016450405,)
(0.015547621,)
(0.015692368,)
(0.01727758,)
(0.021762986,)
(0.019838162,)
(0.016065607,)
(0.016385337,)
(0.016600005,)
(0.015148289,)
(0.016927958,)
(0.016186304,)
(0.01554228,)
(0.017154098,)
(0.01602369,)
(0.016695816,)
(0.018875072,)
(0.024992,)
(0.02012042,)
(0.017802123,)
(0.018233035,)
(0.016574295,)
(0.018191408,)
(0.016897213,)
(0.0158097,)
(0.0155094955,)
(0.01522189,)
(0.017316313,)
(0.015341415,)
(0.016873945,)
(0.015041092,)
(0.015441384,)
(0.016101643,)
(0.015718454,)
(0.018959042,)
(0.020640519,)
(0.017659135,)
(0.015926935,)
(0.016366545,)
(0.016985245,)
(0.018077906,)
(0.019245721,)
(0.020891182,)
(0.016717806,)
(0.016747959,)
(0.015776962,)
(0.015749214,)
(0.014323623,)
(0.015312783,)
(0.015647814,)
(0.014466915,)
(0.015190128,)
(0.016128417,)
(0.019593352,)
(0.01622984,)
(0.016770566,)
(0.016690878,)
(0.020705953,)
(0.020021524,)
(0.01577327,)
(0.015396506,)
(0.015389314,)
(0.015655505,)
(0.015736185,)
(0.015543681,)
(0.015459824,)
(0.016086906,)
(0.0151981,)
(0.014776526,)
(0.013382144,)
(0.016899154,)
(0.016572587,)
(0.016489904,)
(0.01916004,)
(0.015306915,)
(0.015319736,)
(0.0148304,)
(0.014411069,)
(0.016576186,)
(0.01691353,)
(0.016409243,)
(0.015942838,)
(0.01606359,)
(0.02509953,)
(0.015727298,)
(0.016780868,)
(0.015279098,)
(0.015092024,)
(0.020289967,)
(12450530.0,)
(5139.1577,)
(23772.266,)
(1019.75085,)
(325.62262,)
(49.254677,)
(21.39133,)
(15.456898,)
(10.839693,)
(6.158643,)
(4.181568,)
(3.015526,)
(2.2199068,)
(1.803786,)
(1.5788839,)
(1.4720298,)
(1.2197998,)
(1.123131,)
(0.99054486,)
(0.9064703,)
(0.84016657,)
(0.78841496,)
(0.72361577,)
(0.6851955,)
(0.6204463,)
(0.5929418,)
(0.55696154,)
(0.5219569,)
(0.49924892,)
(0.47176075,)
(0.43605804,)
(0.423428,)
(0.4094504,)
(0.3808699,)
(0.3683321,)
(0.36308426,)
(0.34440035,)
(0.3218721,)
(0.3108488,)
(0.29032394,)
(0.2972753,)
(0.27689052,)
(0.28306553,)
(0.26024207,)
(0.25012487,)
(0.2519508,)
(0.24040979,)
(0.23242867,)
(0.22904319,)
(0.22045869,)
(0.2245467,)
(0.20268646,)
(0.21079059,)
(0.19788766,)
(0.19611906,)
(0.19569972,)
(0.1880311,)
(0.18450083,)
(0.17892873,)
(0.18495741,)
(0.17702642,)
(0.16700819,)
(0.16749457,)
(0.16396168,)
(0.15825364,)
(0.1549557,)
(0.16306363,)
(0.15574765,)
(0.15234834,)
(0.15228042,)
(0.14804101,)
(0.14422137,)
(0.14184014,)
(0.13899997,)
(0.13949463,)
(0.1346653,)
(0.13686022,)
(0.1353751,)
(0.13463016,)
(0.12909006,)
(0.13340501,)
(0.13008659,)
(0.12632133,)
(0.120288,)
(0.1234552,)
(0.11943643,)
(0.11908667,)
(0.123524204,)
(0.11723757,)
(0.11862397,)
(0.112482324,)
(0.11385695,)
(0.11419526,)
(0.112906,)
(0.11070095,)
(0.10858797,)
(0.10888915,)
(0.102587804,)
(0.1045575,)
(0.105566196,)
(0.10282488,)
(0.10715459,)
(0.102283135,)
(0.102695666,)
(0.10086806,)
(0.0988837,)
(0.10016199,)
(0.099895716,)
(0.09780384,)
(0.09821072,)
(0.09668918,)
(0.10036616,)
(0.09704366,)
(0.09548869,)
(0.09312811,)
(0.09600881,)
(0.09273852,)
(0.090606295,)
(0.090261556,)
(0.08915511,)
(0.088216186,)
(0.08879915,)
(0.091301546,)
(0.0897747,)
(0.08973654,)
(0.087732434,)
(0.0890511,)
(0.08927279,)
(0.0827068,)
(0.087527774,)
(0.084107,)
(0.08796604,)
(0.086663105,)
(0.08327064,)
(0.08428602,)
(0.08169239,)
(0.08009303,)
(0.08098392,)
(0.080062985,)
(0.078435294,)
(0.084454454,)
(0.081021875,)
(0.07915754,)
(0.07860558,)
(0.07897294,)
(0.07815732,)
(0.079744294,)
(0.0787321,)
(0.07544625,)
(0.077603996,)
(0.07995989,)
(0.079234324,)
(0.07932229,)
(0.07587224,)
(0.07629187,)
(0.07818157,)
(0.07757768,)
(0.076329075,)
(0.07580054,)
(0.074804276,)
(0.07163076,)
(0.07579944,)
(0.07501089,)
(0.07432158,)
(0.071947284,)
(0.07172016,)
(0.074827895,)
(0.07331913,)
(0.072741225,)
(0.07338454,)
(0.07461366,)
(0.07327888,)
(0.07292639,)
(0.07495014,)
(0.07557575,)
(0.07287562,)
(0.07264925,)
(0.07080733,)
(0.074709445,)
(0.07186286,)
(0.07065441,)
(0.06916079,)
(0.07147655,)
(0.0721561,)
(0.071670115,)
(0.07151131,)
(0.0706448,)
(0.0683795,)
(0.070851855,)
(0.07368505,)
(0.07152203,)
(0.07185562,)
(0.07052456,)
(0.07105665,)
(0.06666851,)
(0.06533295,)
(0.07182846,)
(0.07105209,)
(0.07037549,)
(0.06889802,)
(0.07033997,)
(0.06971139,)
(0.067593046,)
(0.06824763,)
(0.065572076,)
(0.06877351,)
(0.06873931,)
(0.068781234,)
(0.0651552,)
(0.071386166,)
(0.069832824,)
(0.07006349,)
(0.06903002,)
(0.06641276,)
(0.06907465,)
(0.06552606,)
(0.06931156,)
(0.06493414,)
(0.06879209,)
(0.06583414,)
(0.06478156,)
(0.06924607,)
(0.06717193,)
(0.06593256,)
(0.067765884,)
(0.06946531,)
(0.06549601,)
(0.06659918,)
(0.06693286,)
(0.0683904,)
(0.0651028,)
(0.06784253,)
(0.06314714,)
(0.06610042,)
(0.06642925,)
(0.06450454,)
(0.06728304,)
(0.06770003,)
(0.06549725,)
(0.0661655,)
(0.0659603,)
(0.06851636,)
(0.064286485,)
(0.06462074,)
(0.06475057,)
(0.0660264,)
(0.06315177,)
(0.06517487,)
(0.060640164,)
(0.06748112,)
(0.06392258,)
(0.06295646,)
(0.06434332,)
(0.06308322,)
(0.062015865,)
(0.061510514,)
(0.06597113,)
(0.06462303,)
(0.06430828,)
(0.06415493,)
(0.06927993,)
(0.06443146,)
(0.06661986,)
(0.06429553,)
(0.06649215,)
(0.06461086,)
(0.061381288,)
(0.06362833,)
(0.0627562,)
(0.06349475,)
(0.06346589,)
(0.06472029,)
(0.06195648,)
(0.062309437,)
(0.06461583,)
(0.06643235,)
(0.06319219,)
(0.06423147,)
(0.061711952,)
(0.06489563,)
(0.062605835,)
(0.06610963,)
(0.06519203,)
(0.0642779,)
(0.0641959,)
(0.062411256,)
(0.0619432,)
(0.06257588,)
(0.059677042,)
(0.06601515,)
(0.062303483,)
(0.0629069,)
(0.06727061,)
(0.06343278,)
(0.06362965,)
(0.062755466,)
(0.061841458,)
(0.061856523,)
(0.06038489,)
(0.06187076,)
(0.060891606,)
(0.060759623,)
(0.061664566,)
(0.06289162,)
(0.063278444,)
(0.061876327,)
(0.06558865,)
(0.06380793,)
(0.064394794,)
(0.06169098,)
(0.06042017,)
(0.061392874,)
(0.06111426,)
(0.06519797,)
(0.06423022,)
(0.062559485,)
(0.06566724,)
(0.06432847,)
(0.06473318,)
(0.06369497,)
(0.064273335,)
(0.06345281,)
(0.06321505,)
(0.063140646,)
(0.061664954,)
(0.06342977,)
(0.0611282,)
(0.0640276,)
(0.062499296,)
(0.06344122,)
(0.059981577,)
(0.060305588,)
(0.059218116,)
(0.06012258,)
(0.060416944,)
(0.06191751,)
(0.058015052,)
(0.060187995,)
(0.060415268,)
(0.062414143,)
(0.062223926,)
(0.06374996,)
(0.058412984,)
(0.06379501,)
(0.060255166,)
(0.062271826,)
(0.06172938,)
(0.06320289,)
(0.06178233,)
(0.0628748,)
(0.061948955,)
(0.062442746,)
(0.06278284,)
(0.060198165,)
(0.06139081,)
(0.061467815,)
(0.06259856,)
(0.060589034,)
(0.060143106,)
(0.063059606,)
(0.062463015,)
(0.064517714,)
(0.06090378,)
(0.06180398,)
(0.059955027,)
(0.06165933,)
(0.061245523,)
(0.0636051,)
(0.060178854,)
(0.06388279,)
(0.061999142,)
(0.062218275,)
(0.062579215,)
(0.061869368,)
(0.06065429,)
(0.062174123,)
(0.058715794,)
(0.059936125,)
(0.062733546,)
(0.057679147,)
(0.0626663,)
(0.06181835,)
(0.06124553,)
(0.06027129,)
(0.059029564,)
(0.06119739,)
(0.059623476,)
(0.06109875,)
(0.06398109,)
(0.060306814,)
(0.06147167,)
(0.061913848,)
(0.060942642,)
(0.06029205,)
(0.06139218,)
(0.061618723,)
(0.060977694,)
(0.06310125,)
(0.060456604,)
(0.06422184,)
(0.061639056,)
(0.060159996,)
(0.062472742,)
(0.06360792,)
(0.057795666,)
(0.0631666,)
(0.061322033,)
(0.06307221,)
(0.061344765,)
(0.06128326,)
(0.061572473,)
(0.06000586,)
(0.061874025,)
(0.06252622,)
(0.057191275,)
(0.05779034,)
(0.061340667,)
(0.06186554,)
(0.061113205,)
(0.059525914,)
(0.058487426,)
(0.060510997,)
(0.059009437,)
(0.061741833,)
(0.061817244,)
(0.06418646,)
(0.060660776,)
(0.060045913,)
(0.06082922,)
(0.062642574,)
(0.063204534,)
(0.061614122,)
(0.06101624,)
(0.060159106,)
(0.06320993,)
(0.060731366,)
(0.060324825,)
(0.05992604,)
(0.060123052,)
(0.05957493,)
(0.06258153,)
(0.06260376,)
(0.06286636,)
(0.059836347,)
(0.059843667,)
(0.059413966,)
(0.062155444,)
(0.059603624,)
(0.059029426,)
(0.061238416,)
(0.06310795,)
(0.0641288,)
(0.059180304,)
(0.0625238,)
(0.062317166,)
(0.061203443,)
(0.060927898,)
(0.060191114,)
(0.060279712,)
(0.06347116,)
(0.05973651,)
(0.06095633,)
(0.06216505,)
(0.059761375,)
(0.058690783,)
(0.060202423,)
(0.05849295,)
(0.060666986,)
(0.061342776,)
(0.058936723,)
(0.06199166,)
(0.06338927,)
(0.060688555,)
(0.061149243,)
(0.06137717,)
(0.06072797,)
(0.060360588,)
(0.059140705,)
(0.06161461,)
(0.060646746,)
(0.05921378,)
(0.05810626,)
(0.061837893,)
(0.06308807,)
(0.059294596,)
(0.060542252,)
(0.061679777,)
(0.06292522,)
(0.06058966,)
(0.0642924,)
(0.06100063,)
(0.06439595,)
(0.05759532,)
(0.059495233,)
(0.060535423,)
(0.060593553,)
(0.06288934,)
(0.061169937,)
(0.05985671,)
(0.062322594,)
(0.05896826,)
(0.062301375,)
(0.061541703,)
(0.05905088,)
(0.061028525,)
(0.058214508,)
(0.057489086,)
(0.05725182,)
(0.0593905,)
(0.05964687,)
(0.06028873,)
(0.05922728,)
(0.061280534,)
(0.059611905,)
(0.058523625,)
(0.06091056,)
(0.05982411,)
(0.058192246,)
(0.058137543,)
(0.061258793,)
(0.06332063,)
(0.058260847,)
(0.06180321,)
(0.061420534,)
(0.06231033,)
(0.058282748,)
(0.059856594,)
(0.061762616,)
(0.058180537,)
(0.057002395,)
(0.059844732,)
(0.062568314,)
(0.058534097,)
(0.057281613,)
(0.058207024,)
(0.060099456,)
(0.063568495,)
(0.0565266,)
(0.0572678,)
(0.058150858,)
(0.060604043,)
(0.06180132,)
(0.060052954,)
(0.058952436,)
(0.057607323,)
(0.062643304,)
(0.058042955,)
(0.061658517,)
(0.060773864,)
(0.05969057,)
(0.06186249,)
(0.06075416,)
(0.060436416,)
(0.060092453,)
(0.06004132,)
(0.06337983,)
(0.061594572,)
(0.059253283,)
(0.058198832,)
(0.05929489,)
(0.05554886,)
(0.05937386,)
(0.05906296,)
(0.059606418,)
(0.059608333,)
(0.06410148,)
(0.059028074,)
(0.058757074,)
(0.058126282,)
(0.061993647,)
(0.06304886,)
(0.060200736,)
(0.058792543,)
(0.06343315,)
(0.05956669,)
(0.059429813,)
(0.0587911,)
(0.059775077,)
(0.05825989,)
(0.0601445,)
(0.058490112,)
(0.06041463,)
(0.060919672,)
(0.05939629,)
(0.057682004,)
(0.06137238,)
(0.061525192,)
(0.06220837,)
(0.061027892,)
(0.0625187,)
(0.06029568,)
(0.0617731,)
(0.06315708,)
(0.06096599,)
(0.059691586,)
(0.061608803,)
(0.060911804,)
(0.060046464,)
(0.063550904,)
(0.056985747,)
(0.05872851,)
(0.058563717,)
(0.059007935,)
(0.059350844,)
(0.05745656,)
(0.060667574,)
(0.06192785,)
(0.060202233,)
(0.05941229,)
(0.06208575,)
(0.06172601,)
(0.05830655,)
(0.0600541,)
(0.05720296,)
(0.057795323,)
(0.060736492,)
(0.059446357,)
(0.060640786,)
(0.059510417,)
(0.059715163,)
(0.059429497,)
(0.06187906,)
(0.0570307,)
(0.06052926,)
(0.059852824,)
(0.05814705,)
(0.060996335,)
(0.060767777,)
(0.05941777,)
(0.057760775,)
(0.06019797,)
(0.06389377,)
(0.060148586,)
(0.061321534,)
(0.062402833,)
(0.058539513,)
(0.061604995,)
(0.060506143,)
(0.061112907,)
(0.059553917,)
(0.06444925,)
(0.056412537,)
(0.061661243,)
(0.06137388,)
(0.05963934,)
(0.05996831,)
(0.055562317,)
(0.058910664,)
(0.058354143,)
(0.060166646,)
(0.064354494,)
(0.058701094,)
(0.056594405,)
(0.057921432,)
(0.059387732,)
(0.057932857,)
(0.060222805,)
(0.05939688,)
(0.06221991,)
(0.058717333,)
(0.06166675,)
(0.05908328,)
(0.056713935,)
(0.058137435,)
(0.05595187,)
(0.059555575,)
(0.056642495,)
(0.05848486,)
(0.058077086,)
(0.06037187,)
(0.060853135,)
(0.05766703,)
(0.06531898,)
(0.05975472,)
(0.060615666,)
(0.06002015,)
(0.061498214,)
(0.059611514,)
(0.0592075,)
(0.06127504,)
(0.057909615,)
(0.061450932,)
(0.059077013,)
(0.061078265,)
(0.061064824,)
(0.05978211,)
(0.061932255,)
(0.06054139,)
(0.06441651,)
(0.05941005,)
(0.060696892,)
(0.060117036,)
(0.061342567,)
(0.059711028,)
(0.058169317,)
(0.057222046,)
(0.05749352,)
(0.0590225,)
(0.060481615,)
(0.061423093,)
(0.06044618,)
(0.058562845,)
(0.0577409,)
(0.06074486,)
(0.06278888,)
(0.06148872,)
(0.057307184,)
(0.06325969,)
(0.06194029,)
(0.05915493,)
(0.060384784,)
(0.059788734,)
(0.06254213,)
(0.06498613,)
(0.060670257,)
(0.06032782,)
(0.064079806,)
(0.055958953,)
(0.060412947,)
(0.060343564,)
(0.0590496,)
(0.059092812,)
(0.059994318,)
(0.061462406,)
(0.060359374,)
(0.06214481,)
(0.05853505,)
(0.056573108,)
(0.060013186,)
(0.059168268,)
(0.059307493,)
(0.06006754,)
(0.060487412,)
(0.058306012,)
(0.06300598,)
(0.061650127,)
(0.05825728,)
(0.06027595,)
(0.058048137,)
(0.057897113,)
(0.06174787,)
(0.057154797,)
(0.058964618,)
(0.059963312,)
(0.058169182,)
(0.058430985,)
(0.060036745,)
(0.06021021,)
(0.05763883,)
(0.063035205,)
(0.05940463,)
(0.05792334,)
(0.059018306,)
(0.06312178,)
(0.059950143,)
(0.060048148,)
(0.06054224,)
(0.060333014,)
(0.06012211,)
(0.056443203,)
(0.060454663,)
(0.06268687,)
(0.061082184,)
(0.057334792,)
(0.05504918,)
(0.058380514,)
(0.061113223,)
(0.058615398,)
(0.058057576,)
(0.061696906,)
(0.05457595,)
(0.061891094,)
(0.06108532,)
(0.05955334,)
(0.058289982,)
(0.063280925,)
(0.059747506,)
(0.05749418,)
(0.058437075,)
(0.0590495,)
(0.057957567,)
(0.059008285,)
(0.058330093,)
(0.057279218,)
(0.059672713,)
(0.05889803,)
(0.058531225,)
(0.061969247,)
(0.058430962,)
(0.056953005,)
(0.060340602,)
(0.062337052,)
(0.056826424,)
(0.06125184,)
(0.05808123,)
(0.056978807,)
(0.059550676,)
(0.058644675,)
(0.05867757,)
(0.059016317,)
(0.06061994,)
(0.057987344,)
(0.060176447,)
(0.05758495,)
(0.06088551,)
(0.05902548,)
(0.06088389,)
(0.062433276,)
(0.058862668,)
(0.058993734,)
(0.055164866,)
(0.06035194,)
(0.061179888,)
(0.06028895,)
(0.05905889,)
(0.06010269,)
(0.061366104,)
(0.059272364,)
(0.06247457,)
(0.05789984,)
(0.061286747,)
(0.059540667,)
(0.06029077,)
(0.06046681,)
(0.06040669,)
(0.05732117,)
(0.057426352,)
(0.059570435,)
(0.060453203,)
(0.056054775,)
(0.061969586,)
(0.059290074,)
(0.059113134,)
(0.05791149,)
(0.060237978,)
(0.06040246,)
(0.05725838,)
(0.0613227,)
(0.06221532,)
(0.054475088,)
(0.062989004,)
(0.058459904,)
(0.059145443,)
(0.057571176,)
(0.058672607,)
(0.061204962,)
(0.060073163,)
(0.05615229,)
(0.057536375,)
(0.059041273,)
(0.058511764,)
(0.059112545,)
(0.059783533,)
(0.059653215,)
(0.059448868,)
(0.058397867,)
(0.061591078,)
(0.06100491,)
(0.0553677,)
(0.057906445,)
(0.056939214,)
(0.061791394,)
(0.057068504,)
(0.058923505,)
(0.0639892,)
(0.0644353,)
(0.062142782,)
(0.05894722,)
(0.05983612,)
(0.06038761,)
(0.05966613,)
(0.05945587,)
(0.056573555,)
(0.05874995,)
(0.061263293,)
(0.05843426,)
(0.05696085,)
(0.058514684,)
(0.062553234,)
(0.061637133,)
(0.060597476,)
(0.05965613,)
(0.060836125,)
(0.06045381,)
(0.058880195,)
(0.060249757,)
(0.058126613,)
(0.05658447,)
(0.059147187,)
(0.06263816,)
(0.056663603,)
(0.06054214,)
(0.06261592,)
(0.058183044,)
(0.06115844,)
(0.062379956,)
(0.06170763,)
(0.058820147,)
(0.0567398,)
(0.058677606,)
(0.056170687,)
(0.05896828,)
(0.060555346,)
(0.058195196,)
(0.060147222,)
(0.06021715,)
(0.0604272,)
(0.058418818,)
(0.05918449,)
(0.061950315,)
(0.059710972,)
(0.0590753,)
(0.06073656,)
(0.05960701,)
(0.059631877,)
(0.060146652,)
(0.059658222,)
(0.060210764,)
(0.06244576,)
(0.05900097,)
(0.058148295,)
(0.060472846,)
(0.062177196,)
(0.061473653,)
(0.059757918,)
(0.056335453,)
(0.059759423,)
(0.06141354,)
(0.05899086,)
(0.05620452,)
(0.06105806,)
(0.059940472,)
(0.05866115,)
(0.057698734,)
(0.058186755,)
(0.058033507,)
(0.057267666,)
(0.057627425,)
(0.057983514,)
(0.055968627,)
(0.05906801,)
(0.057447363,)
(0.06122306,)
(0.056103118,)
(0.0575247,)
(0.058305286,)
(0.058482956,)
(0.060706228,)
(0.057646852,)
(0.059148967,)
(0.061085556,)
(0.057967946,)
(0.059856236,)
(0.058707066,)
(0.05741945,)
(0.05703451,)
(0.0590061,)
(0.060386468,)
(0.059890587,)
(0.058247484,)
(0.057553273,)
(0.057829827,)
(0.05882877,)
(0.061588585,)
(0.057869233,)
(0.060381044,)
(0.058883876,)
(0.05867742,)
(0.05887656,)
(0.058995135,)
(0.06106225,)
(0.057852305,)
(0.05984942,)
(0.05942014,)
(0.059151903,)
(0.061210055,)
(0.060452722,)
(0.058004487,)
(0.058170177,)
(0.06088265,)
(0.05608231,)
(0.05657467,)
(0.05622344,)
(0.057661343,)
(0.06119901,)
(0.058521315,)
(0.056340504,)
(0.06187295,)
(0.060499243,)
(0.05782244,)
(0.057977796,)
(0.05852137,)
(0.060943276,)
(0.061598375,)
(0.059259225,)
(0.060461707,)
(0.060236715,)
(0.054340173,)
(0.061560787,)
(0.06200042,)
(0.05817601,)
(0.058593243,)
(0.06055226,)
(0.057336275,)
(0.061179962,)
(0.059682906,)
(0.056457546,)
(0.057462532,)
(0.059217837,)
(0.05857073,)
(0.059665192,)
(0.059210368,)
(0.06437517,)
(0.060783777,)
(0.060396366,)
(0.060229436,)
(0.060750198,)
(0.059555158,)
(0.05806512,)
(0.057052933,)
(0.05872019,)
(0.0594348,)
(0.060334783,)
(0.059486717,)
(0.058104705,)
(0.058295332,)
(0.05858598,)
(0.06046144,)
(0.058884308,)
(0.059922468,)
(0.057277367,)
(0.058474574,)
(0.060650975,)
(0.060402468,)
(0.060959548,)
(0.06255981,)
(0.056752287,)
(0.058504846,)
(0.057433657,)
(0.058957368,)
(0.06157975,)
(0.059686977,)
(0.05927004,)
(0.060877383,)
(0.058706366,)
(0.05803942,)
(0.06293031,)
(0.057707652,)
(0.059381366,)
(0.06300079,)
(0.061428647,)
(0.059137423,)
(0.0579919,)
(0.05904047,)
(0.06057766,)
(0.059447505,)
(0.060435448,)
(0.057500713,)
(0.060211983,)
(0.057729293,)
(0.058432482,)
(0.055342264,)
(0.062038932,)
(0.060517833,)
(0.05629971,)
(0.060188897,)
(0.05957743,)
(0.058041863,)
(0.05659628,)
(0.058566593,)
(0.057627104,)
(0.056721617,)
(0.059501376,)
(0.05782269,)
(0.058561083,)
(0.060251907,)
(0.06045973,)
(0.056262407,)
(0.059034012,)
(0.060573805,)
(0.062151253,)
(0.05874909,)
(0.06079845,)
(0.06085349,)
(0.05938351,)
(0.05827768,)
(0.05897084,)
(0.06034659,)
(0.061446555,)
(0.058559284,)
(0.05857649,)
(0.05787921,)
(0.060287043,)
(0.06044787,)
(0.05983403,)
(0.05695533,)
(0.06073529,)
(0.05828625,)
(0.061176408,)
(0.05704099,)
(0.06012808,)
(0.057755284,)
(0.05871694,)
(0.059405465,)
(0.058440775,)
(0.05821774,)
(0.060895838,)
(0.06008647,)
(0.062133804,)
(0.05998278,)
(0.061302066,)
(0.05978193,)
(0.05914664,)
(0.05795912,)
(0.058024194,)
(0.057734933,)
(0.05541525,)
(0.058408063,)
(0.06185017,)
(0.059348974,)
(0.060092974,)
(0.05815473,)
(0.0576195,)
(0.059300173,)
(0.059444077,)
(0.06100389,)
(0.058248274,)
(0.060827382,)
(0.060467683,)
(0.056964915,)
(0.05826501,)
(0.059447046,)
(0.058908053,)
(0.0582285,)
(0.056641873,)
(0.05822376,)
(0.06051904,)
(0.057174977,)
(0.05768522,)
(0.057461113,)
(0.056308515,)
(0.0593827,)
(0.057568245,)
(0.05920075,)
(0.058371387,)
(0.062018618,)
(0.058049172,)
(0.05470264,)
(0.060079336,)
(0.06107171,)
(0.06005531,)
(0.056553602,)
(0.05886901,)
(0.05804673,)
(0.056930184,)
(0.059688874,)
(0.059367217,)
(0.057360806,)
(0.05917815,)
(72039.69,)
(374.46082,)
(34.696735,)
(6.231478,)
(2.5972362,)
(1.447227,)
(0.7679716,)
(0.35041943,)
(0.52228165,)
(0.30238104,)
(0.23493052,)
(0.21442848,)
(0.19532952,)
(0.19570473,)
(0.20118211,)
(0.19011958,)
(0.15142046,)
(0.16746727,)
(0.1518462,)
(0.14502072,)
(0.752612,)
(0.1270051,)
(0.11382988,)
(0.8453095,)
(0.11134347,)
(0.09355619,)
(0.09874716,)
(0.10935929,)
(0.09025557,)
(0.09734369,)
(0.1140759,)
(0.094661236,)
(0.098719016,)
(0.084639095,)
(0.095430255,)
(0.090471506,)
(0.0915078,)
(0.0886479,)
(0.077628404,)
(0.08803149,)
(0.08302723,)
(0.08509499,)
(0.08541851,)
(0.07371716,)
(0.07881937,)
(0.07685998,)
(0.077700004,)
(0.071930274,)
(0.07878712,)
(0.06830419,)
(0.071637124,)
(0.068211906,)
(0.0701583,)
(0.06610685,)
(0.070653066,)
(0.073979996,)
(0.07437521,)
(0.06722925,)
(0.06588199,)
(0.063712716,)
(0.06954467,)
(0.07216209,)
(0.06797699,)
(0.06437812,)
(0.06984024,)
(0.06657826,)
(0.06780319,)
(0.06458325,)
(0.06706645,)
(0.0668153,)
(0.06751642,)
(0.06806109,)
(0.06165151,)
(0.065676205,)
(0.06329569,)
(0.0657493,)
(0.0668182,)
(0.06933989,)
(0.063964,)
(0.06732987,)
(0.064126216,)
(0.063754275,)
(0.06263573,)
(0.06292959,)
(0.06477691,)
(0.060891263,)
(0.065714605,)
(0.06706691,)
(0.05974995,)
(0.06572907,)
(0.060711764,)
(0.06497282,)
(0.06445568,)
(0.0632216,)
(0.063979745,)
(0.06441727,)
(0.059860256,)
(0.061482422,)
(0.06256328,)
(0.06111482,)
(0.06560305,)
(0.064438716,)
(0.06264926,)
(0.062187076,)
(0.061927143,)
(0.06335793,)
(0.06445791,)
(0.059946727,)
(0.062063664,)
(0.061431926,)
(0.06306433,)
(0.06282883,)
(0.06244003,)
(0.06285618,)
(0.062371872,)
(0.06122204,)
(0.06027664,)
(0.061956543,)
(0.0623997,)
(0.06189494,)
(0.058707114,)
(0.059577227,)
(0.059322253,)
(0.059470255,)
(0.05847633,)
(0.0598127,)
(0.06132683,)
(0.0635565,)
(0.05895655,)
(0.062268097,)
(0.057840288,)
(0.05946129,)
(0.057011493,)
(0.058883294,)
(0.060614437,)
(0.060629852,)
(0.06409651,)
(0.061468616,)
(0.060212657,)
(0.060522288,)
(0.06367522,)
(0.060864054,)
(0.06176784,)
(0.057691924,)
(0.061435085,)
(0.06303837,)
(0.06173476,)
(0.057974637,)
(0.06262737,)
(0.06193539,)
(0.059197504,)
(0.058081124,)
(0.059351154,)
(0.0594263,)
(0.060401224,)
(0.061663546,)
(0.060584843,)
(0.06249688,)
(0.060829163,)
(0.059855506,)
(0.058908142,)
(0.05951163,)
(0.060964726,)
(0.061426125,)
(0.06173478,)
(0.061478686,)
(0.06076152,)
(0.059105214,)
(0.06212859,)
(0.05545933,)
(0.06063298,)
(0.059598126,)
(0.060416423,)
(0.059927307,)
(0.057879,)
(0.05966775,)
(0.060482703,)
(0.059251957,)
(0.06178503,)
(0.060219005,)
(0.0594016,)
(0.06113792,)
(0.059825487,)
(0.059751276,)
(0.06080564,)
(0.05627228,)
(0.058399405,)
(0.058781482,)
(0.059459474,)
(0.059257627,)
(0.059630174,)
(0.059006795,)
(0.058999795,)
(0.060598876,)
(0.058797896,)
(0.061692443,)
(0.057650432,)
(0.059638117,)
(0.058007598,)
(0.059143275,)
(0.057593558,)
(0.06094724,)
(0.059619434,)
(0.060840145,)
(0.05713771,)
(0.061411165,)
(0.061527718,)
(0.05877286,)
(0.05976075,)
(0.059815787,)
(0.056106962,)
(0.061090183,)
(0.064789906,)
(0.05767872,)
(0.057654582,)
(0.058519293,)
(0.058925897,)
(0.057936296,)
(0.058732197,)
(0.06027852,)
(0.058914885,)
(0.05876538,)
(0.05938498,)
(0.057773866,)
(0.060163025,)
(0.05891689,)
(0.058377046,)
(0.059002653,)
(0.059821654,)
(0.057730395,)
(0.05974361,)
(0.06209652,)
(0.062391277,)
(0.06194162,)
(0.05791473,)
(0.059759527,)
(0.058094475,)
(0.057658162,)
(0.05960347,)
(0.05974292,)
(0.055130456,)
(0.056974806,)
(0.05752495,)
(0.057314154,)
(0.059024893,)
(0.05616764,)
(0.055271175,)
(0.058599047,)
(0.057093598,)
(0.058431223,)
(0.06170765,)
(0.057619464,)
(0.060742185,)
(0.058706157,)
(0.056604534,)
(0.062015023,)
(0.057629883,)
(0.05970101,)
(0.057896074,)
(0.059749987,)
(0.056580182,)
(0.05833084,)
(0.05860973,)
(0.05761637,)
(0.058003664,)
(0.05631719,)
(0.06074389,)
(0.059028458,)
(0.061298534,)
(0.058364227,)
(0.058354005,)
(0.05732957,)
(0.05642739,)
(0.05701567,)
(0.055709302,)
(0.05536238,)
(0.05823007,)
(0.056834064,)
(0.061109144,)
(0.06017515,)
(0.058964092,)
(0.055979125,)
(0.0582294,)
(0.058302093,)
(0.057696614,)
(0.058348604,)
(0.05909458,)
(0.05895538,)
(0.056342762,)
(0.060412623,)
(0.059076674,)
(0.060053114,)
(0.05761339,)
(0.055374574,)
(0.05495742,)
(0.056402795,)
(0.05947684,)
(0.05582262,)
(0.057643622,)
(0.05839038,)
(0.05685857,)
(0.05930453,)
(0.058428295,)
(0.057854533,)
(0.055079494,)
(0.057162635,)
(0.056343757,)
(0.055675365,)
(0.056975495,)
(0.057430346,)
(0.06102839,)
(0.056871362,)
(0.059294555,)
(0.05953952,)
(0.05410776,)
(0.056852475,)
(0.056129828,)
(0.058990695,)
(0.054916456,)
(0.05799188,)
(0.054540403,)
(0.056426227,)
(0.05507908,)
(0.05750464,)
(0.057071164,)
(0.058245067,)
(0.05560095,)
(0.05537395,)
(0.056926645,)
(0.056499146,)
(0.053987857,)
(0.054041058,)
(0.056792323,)
(0.055932518,)
(0.054679416,)
(0.056274544,)
(0.055530474,)
(0.05460399,)
(0.057668723,)
(0.054247018,)
(0.053963,)
(0.05393572,)
(0.05981633,)
(0.05615859,)
(0.056762002,)
(0.05432708,)
(0.05392243,)
(0.052627366,)
(0.05915964,)
(0.056269653,)
(0.056085788,)
(0.053552296,)
(0.050929904,)
(0.05417131,)
(0.054859504,)
(0.055568814,)
(0.056795225,)
(0.055521447,)
(0.054695968,)
(0.059333626,)
(0.055523023,)
(0.0566705,)
(0.053744353,)
(0.058964606,)
(0.05167575,)
(0.056040484,)
(0.054402087,)
(0.054831307,)
(0.05261541,)
(0.054971956,)
(0.055736065,)
(0.0520226,)
(0.05612558,)
(0.0572563,)
(0.05452869,)
(0.056344084,)
(0.054064512,)
(0.05740582,)
(0.054495607,)
(0.05451525,)
(0.056829102,)
(0.05551951,)
(0.052858986,)
(0.0554865,)
(0.053654745,)
(0.052327715,)
(0.053283885,)
(0.053347822,)
(0.055051696,)
(0.053425316,)
(0.05190973,)
(0.049956635,)
(0.05592018,)
(0.056222968,)
(0.05424591,)
(0.051965125,)
(0.054710023,)
(0.053770356,)
(0.05409746,)
(0.05380731,)
(0.053734805,)
(0.051749177,)
(0.05401306,)
(0.05217909,)
(0.05209299,)
(0.051553566,)
(0.054142974,)
(0.053405028,)
(0.053800847,)
(0.050041333,)
(0.052563995,)
(0.05442012,)
(0.053126596,)
(0.053863768,)
(0.05528956,)
(0.053164136,)
(0.053832445,)
(0.050810404,)
(0.05150841,)
(0.052090965,)
(0.050716594,)
(0.051855553,)
(0.054390114,)
(0.052206125,)
(0.053046532,)
(0.05045709,)
(0.05137749,)
(0.054376822,)
(0.05164941,)
(0.053766653,)
(0.050376102,)
(0.051146723,)
(0.050289568,)
(0.05033333,)
(0.050366163,)
(0.051951814,)
(0.051057976,)
(0.04824385,)
(0.051394604,)
(0.049913447,)
(0.049876835,)
(0.05051848,)
(0.050145864,)
(0.05264487,)
(0.04973317,)
(0.04952927,)
(0.049460184,)
(0.049446233,)
(0.049846936,)
(0.046503212,)
(0.053531855,)
(0.04969375,)
(0.047719017,)
(0.050791156,)
(0.049977995,)
(0.049172405,)
(0.048733093,)
(0.049219612,)
(0.050344065,)
(0.047564637,)
(0.04905249,)
(0.04906542,)
(0.046727978,)
(0.04960831,)
(0.048562873,)
(0.05266812,)
(0.050056096,)
(0.049403276,)
(0.04800848,)
(0.04755762,)
(0.047993153,)
(0.04688605,)
(0.046504937,)
(0.04792898,)
(0.050981633,)
(0.046146415,)
(0.0475528,)
(0.051887497,)
(0.05417104,)
(0.047453437,)
(0.046869986,)
(0.04865795,)
(0.047672875,)
(0.045270726,)
(0.046362177,)
(0.04906166,)
(0.046242096,)
(0.049214974,)
(0.04653745,)
(0.048193976,)
(0.04748171,)
(0.04663334,)
(0.044880074,)
(0.046300672,)
(0.046319965,)
(0.046380095,)
(0.048240103,)
(0.04888838,)
(0.045848,)
(0.045847923,)
(0.049114384,)
(0.04747179,)
(0.045781944,)
(0.05031585,)
(0.04678765,)
(0.045068786,)
(0.049116544,)
(0.045474596,)
(0.044704255,)
(0.047846526,)
(0.043242004,)
(0.045182314,)
(0.045854382,)
(0.049058054,)
(0.046681385,)
(0.04321474,)
(0.047870707,)
(0.045370027,)
(0.043712653,)
(0.04532238,)
(0.04351058,)
(0.041800443,)
(0.04317333,)
(0.04153732,)
(0.043537036,)
(0.046982978,)
(0.0435103,)
(0.046532664,)
(0.04734414,)
(0.044556197,)
(0.042347006,)
(0.043710046,)
(0.04517395,)
(0.04385938,)
(0.04561982,)
(0.04261743,)
(0.046893224,)
(0.04224123,)
(0.041283257,)
(0.041913774,)
(0.03947097,)
(0.046958435,)
(0.040913522,)
(0.041506495,)
(0.041512884,)
(0.04340537,)
(0.042490184,)
(0.042648237,)
(0.04495373,)
(0.042139277,)
(0.043987222,)
(0.03967344,)
(0.038520303,)
(0.04485125,)
(0.046947733,)
(0.044169724,)
(0.042415373,)
(0.04597033,)
(0.0475697,)
(0.046163663,)
(0.03966743,)
(0.04045058,)
(0.039425157,)
(0.050595045,)
(0.039308086,)
(0.038607325,)
(0.039421994,)
(0.04200191,)
(0.037907414,)
(0.03701009,)
(0.046810903,)
(0.04323622,)
(0.03845409,)
(0.039656814,)
(0.041582014,)
(0.037850183,)
(0.039431214,)
(0.04087065,)
(0.042983364,)
(0.03881536,)
(0.03775624,)
(0.036107015,)
(0.042350266,)
(0.03620608,)
(0.038015254,)
(0.039443348,)
(0.04190048,)
(0.040934935,)
(0.0379798,)
(0.045166884,)
(0.048662886,)
(0.03742625,)
(0.040666062,)
(0.036380105,)
(0.0377848,)
(0.033941947,)
(0.04811614,)
(0.03761693,)
(0.034323554,)
(0.03380946,)
(0.031252824,)
(0.03533909,)
(0.056227334,)
(0.040413443,)
(0.03393233,)
(0.032643493,)
(0.03568715,)
(0.041251108,)
(0.03140431,)
(0.0427816,)
(0.03604912,)
(0.032379724,)
(0.03820701,)
(0.030682735,)
(0.028221853,)
(0.035489105,)
(0.047970865,)
(0.028432678,)
(0.027843226,)
(0.030685857,)
(0.034689367,)
(0.03077007,)
(0.03143855,)
(0.036645666,)
(0.0327378,)
(0.027918356,)
(0.028808756,)
(0.0330093,)
(0.02628611,)
(0.027764678,)
(0.035262734,)
(0.02791499,)
(0.03222617,)
(0.03592668,)
(0.033997953,)
(0.028119946,)
(0.026610956,)
(0.027845789,)
(0.02487171,)
(0.024607029,)
(0.023166303,)
(0.026049992,)
(0.026356814,)
(0.028269768,)
(0.029118784,)
(0.023657734,)
(0.023507211,)
(0.025769336,)
(0.03245541,)
(0.027336407,)
(0.030512419,)
(0.022852097,)
(0.023388088,)
(0.03025565,)
(0.022640426,)
(0.023886282,)
(0.02273976,)
(0.024115264,)
(0.037490267,)
(0.028503153,)
(0.025071645,)
(0.023386639,)
(0.023364093,)
(0.026040286,)
(0.02847682,)
(0.023226487,)
(0.021420337,)
(0.024347097,)
(0.037316814,)
(0.02298171,)
(0.02277489,)
(0.022298463,)
(0.02174968,)
(0.024855856,)
(0.021995623,)
(0.031845585,)
(0.023790665,)
(0.02357589,)
(0.021394446,)
(0.030496567,)
(0.024314499,)
(0.02385972,)
(0.022129562,)
(0.021396404,)
(0.028216742,)
(0.022639507,)
(0.02210047,)
(0.021933276,)
(0.025873505,)
(0.023318142,)
(0.022184532,)
(0.021791324,)
(0.020444762,)
(0.021659572,)
(0.021516494,)
(0.02518984,)
(0.026199445,)
(0.020634942,)
(0.022038808,)
(0.027023003,)
(0.030020365,)
(0.025870528,)
(0.030815855,)
(0.0212682,)
(0.019589074,)
(0.02008199,)
(0.019829307,)
(0.022407234,)
(0.024637189,)
(0.021380745,)
(0.019974813,)
(0.022455968,)
(0.0207706,)
(0.020022552,)
(0.022614101,)
(0.019439809,)
(0.022491554,)
(0.021467973,)
(0.019697377,)
(0.022639025,)
(0.021066101,)
(0.021665454,)
(0.020378765,)
(0.020435836,)
(0.02052734,)
(0.020147152,)
(0.0195322,)
(0.026264513,)
(0.023374481,)
(0.019885331,)
(0.021784218,)
(0.019239962,)
(0.02553515,)
(0.020663712,)
(0.02189789,)
(0.019162819,)
(0.01922969,)
(0.021697119,)
(0.018985752,)
(0.023348898,)
(0.020528901,)
(0.020188173,)
(0.019098932,)
(0.021533743,)
(0.018487021,)
(0.018681202,)
(0.020964779,)
(0.021811828,)
(0.032499827,)
(0.028720088,)
(0.025986316,)
(0.02060159,)
(0.018799849,)
(0.018430011,)
(0.02391433,)
(0.018655896,)
(0.02227444,)
(0.01812736,)
(0.019414503,)
(0.021391697,)
(0.027042512,)
(0.028101077,)
(0.020509329,)
(0.019320432,)
(0.018247278,)
(0.018898483,)
(0.01768839,)
(0.019800533,)
(0.02720932,)
(0.02594085,)
(0.018347673,)
(0.019755095,)
(0.017549906,)
(0.017630618,)
(0.02368914,)
(0.023331784,)
(0.020803124,)
(0.018147552,)
(0.018326962,)
(0.018369123,)
(0.017444573,)
(0.018162806,)
(0.0200365,)
(0.018243123,)
(0.017524976,)
(0.018159438,)
(0.018502258,)
(0.01886177,)
(0.017651834,)
(0.02547425,)
(0.018832967,)
(0.020241663,)
(0.018583689,)
(0.018089265,)
(0.017371845,)
(0.023003004,)
(0.01845032,)
(0.020864546,)
(0.017984249,)
(0.01851618,)
(0.019255519,)
(0.020359455,)
(0.01819497,)
(0.018046629,)
(0.022435775,)
(0.02338941,)
(0.018832527,)
(0.019082533,)
(0.017284945,)
(0.01696583,)
(0.021141244,)
(0.01933321,)
(0.031822618,)
(0.01981103,)
(0.017432688,)
(0.017654948,)
(0.017714333,)
(0.01741436,)
(0.016635556,)
(0.018971415,)
(0.02683834,)
(0.017871227,)
(0.02226626,)
(0.01977944,)
(0.017534241,)
(0.0203846,)
(0.021101315,)
(0.023570461,)
(0.021124043,)
(0.01713005,)
(0.01717734,)
(0.019982807,)
(0.017314296,)
(0.01973201,)
(0.017318271,)
(0.01816709,)
(0.0219796,)
(0.021426756,)
(0.018446,)
(0.017049938,)
(0.016447242,)
(0.018521352,)
(0.016755717,)
(0.020288574,)
(0.016072944,)
(0.016993232,)
(0.01774071,)
(0.01671471,)
(0.017019661,)
(0.019078068,)
(0.018019743,)
(0.017773576,)
(0.020055395,)
(0.024226572,)
(0.020010963,)
(0.017847594,)
(0.016070234,)
(0.01968681,)
(0.018949509,)
(0.016650312,)
(0.02133664,)
(0.019369505,)
(0.017775845,)
(0.01705536,)
(0.017208599,)
(0.016116006,)
(0.017490184,)
(0.02298351,)
(0.01666014,)
(0.016149148,)
(0.020234391,)
(0.019374087,)
(0.016936757,)
(0.016509378,)
(0.018830504,)
(0.02243683,)
(0.019408837,)
(0.01999046,)
(0.022117235,)
(0.017377745,)
(0.017886609,)
(0.015578704,)
(0.0155709125,)
(0.01642092,)
(0.016110001,)
(0.01832586,)
(0.021833379,)
(0.017942036,)
(0.016633235,)
(0.014639941,)
(0.014837263,)
(0.017965954,)
(0.015859082,)
(0.02139011,)
(0.01616013,)
(0.02218289,)
(0.018680304,)
(0.015549278,)
(0.020963784,)
(0.017238067,)
(0.017388169,)
(0.017397292,)
(0.015431993,)
(0.015053177,)
(0.025341604,)
(0.017136117,)
(0.016074456,)
(0.016460605,)
(0.015662877,)
(0.015585792,)
(0.019957297,)
(0.015052104,)
(0.019269984,)
(0.016119057,)
(0.01728952,)
(0.015426714,)
(0.014196697,)
(0.017374985,)
(0.0150460405,)
(0.0230316,)
(0.018415604,)
(0.017024593,)
(0.015211772,)
(0.016572278,)
(0.013903111,)
(0.01606591,)
(0.01776335,)
(0.014713075,)
(0.015002631,)
(0.01867048,)
(0.014401929,)
(0.01489687,)
(0.016824704,)
(0.014839627,)
(0.016489938,)
(0.015356287,)
(0.020277746,)
(0.018120961,)
(0.021977132,)
(0.01953929,)
(0.027720049,)
(0.017837802,)
(0.017855275,)
(0.013923753,)
(0.0164255,)
(0.020317102,)
(0.017284516,)
(0.014934575,)
(0.016275253,)
(0.01460087,)
(0.013403595,)
(0.01283817,)
(0.0126632005,)
(0.021448776,)
(0.014110256,)
(0.014257148,)
(0.012858269,)
(0.018387958,)
(0.021556158,)
(0.018453805,)
(0.017603366,)
(0.016095195,)
(0.016763747,)
(0.013888495,)
(0.014290139,)
(0.016913086,)
(0.015198676,)
(0.012518047,)
(0.014080619,)
(0.016742872,)
(0.012971748,)
(0.013405282,)
(0.014008174,)
(0.013583664,)
(0.015494397,)
(0.013024379,)
(0.018666422,)
(0.014463251,)
(0.013489337,)
(0.019667275,)
(0.015953261,)
(0.0152940685,)
(0.0146696735,)
(0.016238745,)
(0.01595394,)
(0.01625165,)
(0.016815016,)
(0.01459088,)
(0.018698465,)
(0.018343747,)
(0.016716154,)
(0.017433247,)
(0.016161626,)
(0.012385013,)
(0.015844433,)
(0.015916118,)
(0.020338017,)
(0.015425017,)
(0.012178906,)
(0.014661334,)
(0.017657507,)
(0.01685658,)
(0.015015477,)
(0.01344721,)
(0.011941274,)
(0.012842647,)
(0.012590779,)
(0.016073707,)
(0.017258015,)
(0.017699607,)
(0.013282664,)
(0.013867,)
(0.017178345,)
(0.012252882,)
(0.016031878,)
(0.014081277,)
(0.013073572,)
(0.013146482,)
(0.013036972,)
(0.013520919,)
(0.011676082,)
(0.011984922,)
(0.012176768,)
(0.013330117,)
(0.018609347,)
(0.015879847,)
(0.01222563,)
(0.013298241,)
(0.013079082,)
(0.012798493,)
(0.015669305,)
(0.012674915,)
(0.012216594,)
(0.013171092,)
(0.012289742,)
(0.026110955,)
(0.013714222,)
(0.017398912,)
(0.016136354,)
(0.01763236,)
(0.018776774,)
(0.014555701,)
(0.016620755,)
(0.015140289,)
(0.014810855,)
(0.017555483,)
(0.012982705,)
(0.011547173,)
(0.022854183,)
(0.017321335,)
(0.011284769,)
(0.011617953,)
(0.014288422,)
(0.013248854,)
(0.010163959,)
(0.012102095,)
(0.017962003,)
(0.01276169,)
(0.012328807,)
(0.012002118,)
(0.01964182,)
(0.013235374,)
(0.014522305,)
(0.011505126,)
(0.012074351,)
(0.017259113,)
(0.012478245,)
(0.011372564,)
(0.012871424,)
(0.011077495,)
(0.012787941,)
(0.014905837,)
(0.0112180095,)
(0.010997776,)
(0.011622007,)
(0.010477794,)
(0.01083505,)
(0.011565434,)
(0.010815002,)
(0.010121191,)
(0.01679337,)
(0.012228532,)
(0.010696385,)
(0.019370224,)
(0.014811505,)
(0.012272805,)
(0.010312652,)
(0.011169801,)
(0.013155082,)
(0.01294224,)
(0.011224024,)
(0.010561125,)
(0.011261301,)
(0.011095222,)
(0.019513454,)
(0.0148315,)
(0.015827151,)
(0.013767638,)
(0.012016172,)
(0.012095181,)
(0.013917912,)
(0.011236349,)
(0.011026592,)
(0.010642888,)
(0.010626838,)
(0.015059954,)
(0.012708614,)
(0.011372484,)
(0.011881533,)
(0.014653874,)
(0.012255359,)
(0.012938439,)
(0.016261842,)
(0.014735914,)
(0.014572021,)
(0.014494909,)
(0.014608321,)
(0.011841298,)
(0.0142816175,)
(0.013261703,)
(0.015056271,)
(0.013673443,)
(0.010733511,)
(0.011732105,)
(0.01231979,)
(0.012817537,)
(0.0117080845,)
(0.012477282,)
(0.010709346,)
(0.013844312,)
(0.014128525,)
(0.013773657,)
(0.0113171255,)
(0.011830854,)
(0.009898768,)
(0.010703079,)
(0.012285891,)
(0.0126964245,)
(0.012499629,)
(0.011595296,)
(0.01045426,)
(0.010234087,)
(0.012394528,)
(0.011736723,)
(0.0116380025,)
(0.01629643,)
(0.011471165,)
(0.016052261,)
(0.0121573,)
(0.010005445,)
(0.01091403,)
(0.010349418,)
(0.01092457,)
(0.017143235,)
(0.012612514,)
(0.011003434,)
(0.010142154,)
(0.009502387,)
(0.013778176,)
(0.010237303,)
(0.011285257,)
(0.010175257,)
(0.010662811,)
(0.015133072,)
(0.014580402,)
(0.013217831,)
(0.013068907,)
(0.009504103,)
(0.013744696,)
(0.013902957,)
(0.011459395,)
(0.010882594,)
(0.012140331,)
(0.009949547,)
(0.009808608,)
(0.00951837,)
(0.012419669,)
(0.012012489,)
(0.014663203,)
(0.012468867,)
(0.011310844,)
(0.011369698,)
(0.0105936155,)
(0.013649109,)
(0.01229661,)
(0.010463709,)
(0.01370842,)
(0.013472689,)
(0.012064736,)
(0.009547541,)
(0.013747121,)
(0.017501075,)
(0.0139151625,)
(0.011293268,)
(0.011123197,)
(0.015313646,)
(0.013630547,)
(0.00980886,)
(0.010105602,)
(0.011616811,)
(0.013535077,)
(0.02147149,)
(0.017111424,)
(0.0130691985,)
(0.010400421,)
(0.010335745,)
(0.0100252945,)
(0.011891041,)
(0.011615006,)
(0.010570897,)
(0.018706147,)
(0.013238251,)
(0.012407625,)
(0.009899404,)
(0.009139479,)
(0.011847382,)
(0.010198886,)
(0.009640453,)
(0.008916786,)
(0.012536962,)
(0.017433692,)
(0.011572085,)
(0.011408476,)
(0.009524064,)
(0.014724158,)
(0.010735784,)
(0.009367074,)
(0.009447395,)
(0.010437394,)
(0.013805471,)
(0.009068618,)
(0.009926764,)
(0.010025734,)
(0.009218106,)
(0.015443366,)
(0.010477517,)
(0.0188386,)
(0.010769034,)
(0.009598543,)
(0.010217268,)
(0.010721054,)
(0.010246841,)
(0.01244574,)
(0.008996288,)
(0.014690563,)
(0.011148771,)
(0.01017789,)
(0.009714512,)
(0.009596508,)
(0.009537505,)
(0.013185635,)
(0.009588035,)
(0.009229563,)
(0.0093002105,)
(0.008570671,)
(0.008672843,)
(0.010546265,)
(0.008492712,)
(0.014020674,)
(0.013612581,)
(0.012108727,)
(0.010589218,)
(0.012806773,)
(0.011612868,)
(0.009466542,)
(0.008896281,)
(0.009301027,)
(0.009960773,)
(0.0092278365,)
(0.009318833,)
(0.0131584685,)
(0.015850198,)
(0.011253567,)
(0.008799814,)
(0.009395225,)
(0.009309736,)
(0.013036456,)
(0.009548461,)
(0.008902995,)
(0.010620849,)
(0.008796357,)
(0.008980596,)
(0.009068204,)
(0.009910771,)
(0.0103679625,)
(0.011729632,)
(0.0116401445,)
(0.01037702,)
(0.016358092,)
(0.012783103,)
(0.008490249,)
(0.011271635,)
(0.011797549,)
(0.01158146,)
(0.01301114,)
(0.009115195,)
(0.008996077,)
(0.009977592,)
(0.010584423,)
(0.012536893,)
(0.010279316,)
(0.01313752,)
(0.010874112,)
(0.00950522,)
(0.010213388,)
(0.008952455,)
(0.008965446,)
(0.009357822,)
(0.00976324,)
(0.010340588,)
(0.008871825,)
(0.015521744,)
(0.015811384,)
(0.011057088,)
(0.00952585,)
(0.010933508,)
(0.008956362,)
(0.0111783575,)
(0.008211993,)
(0.009702336,)
(0.010502711,)
(0.008759248,)
(0.009666133,)
(0.010076651,)
(0.017720465,)
(0.010273958,)
(0.010148498,)
(0.009741183,)
(0.008597672,)
(0.007932098,)
(0.009288209,)
(0.008710264,)
(0.0091582,)
(0.008877363,)
(0.00975278,)
(0.00889092,)
(0.008388604,)
(0.011721721,)
(0.009460983,)
(0.0120875165,)
(0.010620318,)
(0.010908151,)
(0.008770714,)
(0.009871568,)
(0.010510283,)
(0.011654207,)
(0.010891598,)
(0.009900216,)
(0.011285705,)
(0.009628651,)
(0.008882033,)
(0.010046151,)
(0.009154221,)
(0.008017117,)
(0.008508629,)
(0.008553827,)
(0.010557825,)
(0.011691814,)
(0.010076866,)
(0.008647617,)
(0.010881727,)
(0.012876466,)
(0.009754382,)
(0.008269867,)
(0.014042661,)
(0.00936269,)
(0.008487284,)
(0.012727678,)
(0.008621527,)
(0.009782674,)
(0.009332977,)
(0.008567448,)
(0.007959821,)
(0.009641904,)
(0.0112691,)
(0.011969627,)
(0.010899502,)
(0.011160621,)
(0.008407343,)
(0.012289876,)
(0.011637114,)
(0.010550156,)
(0.010817018,)
(0.008271783,)
(0.008917151,)
(0.008752586,)
(0.011099044,)
(0.009237895,)
(0.00843412,)
(0.010050428,)
(0.0131130805,)
(0.016109146,)
(0.009313416,)
(0.009018597,)
(0.012481014,)
(0.012258323,)
(0.009271039,)
(0.007954057,)
(0.0106719155,)
(0.014017289,)
(0.009718394,)
(0.008927336,)
(0.009510691,)
(0.008950215,)
(0.009315335,)
(0.009275454,)
(0.008208395,)
(0.008130231,)
(0.007791121,)
(0.010980779,)
(0.008781172,)
(0.008355484,)
(0.014183678,)
(0.011788923,)
(0.009353651,)
(0.011398174,)
(0.011795337,)
(0.0116680665,)
(0.010187948,)
(0.008680555,)
(0.007885099,)
(0.010320963,)
(0.009006837,)
(0.0075643877,)
(0.008662246,)
(0.0075943386,)
(0.009702365,)
(0.009640949,)
(0.007986915,)
(0.009888702,)
(0.0088656,)
(0.007378393,)
(0.010210859,)
(0.010570025,)
(0.012332879,)
(0.008420041,)
(0.007940209,)
(0.007794108,)
(0.0079272445,)
(0.011670068,)
(0.008989869,)
(0.008081403,)
(0.010258024,)
(0.014169667,)
(0.009248256,)
(0.010089743,)
(0.010805864,)
(0.010763096,)
(0.009808358,)
(0.0125827845,)
(0.008665153,)
(0.0108042685,)
(0.008451995,)
(0.008244218,)
(0.008225394,)
(0.008486782,)
(0.008384084,)
(0.010586405,)
(0.009604482,)
(0.009189304,)
(0.010431588,)
(0.008163435,)
(0.009369579,)
(0.0076359203,)
(0.008398074,)
(0.008885043,)
(0.007822873,)
(0.008941449,)
(0.009823849,)
(0.009494873,)
(0.009337645,)
(0.009223312,)
(0.0098612355,)
(0.0102155935,)
(0.008264126,)
(0.011511443,)
(0.008232638,)
(0.010175998,)
(0.008982722,)
(0.00902064,)
(0.012783285,)
(0.011883851,)
(0.008711165,)
(0.00875086,)
(0.010047382,)
(0.007491626,)
(0.008694958,)
(0.012151839,)
(0.015309956,)
(0.008074027,)
(0.00818794,)
(0.0075751496,)
(0.009616924,)
(0.0088489,)
(0.008343759,)
(0.008295763,)
(0.007671529,)
(0.0075064814,)
(0.0098416135,)
(0.011750614,)
(0.007981256,)
(0.010627948,)
(0.0073246127,)
(0.008730319,)
(0.008717861,)
(0.008739766,)
(0.007975085,)
(0.011193414,)
(0.009331329,)
(0.00943902,)
(0.00885571,)
(0.008918086,)
(0.008883597,)
(0.0067981826,)
(0.008580258,)
(0.007837682,)
(0.009847636,)
(0.010328973,)
(0.01042718,)
(0.0076236734,)
(0.007111026,)
(0.008978839,)
(0.00987841,)
(0.010323852,)
(0.00839471,)
(0.008804068,)
(0.008108972,)
(0.006641902,)
(0.007923707,)
(0.008295243,)
(0.00858761,)
(0.010437591,)
(0.014931802,)
(0.008800708,)
(0.007608438,)
(0.00908553,)
(0.010026632,)
(0.008228531,)
(0.0076126573,)
(0.007384062,)
(0.010065554,)
(0.008432711,)
(0.009742955,)
(0.007611475,)
(0.008760806,)
(0.008199385,)
(0.0073207836,)
(0.006750009,)
(0.009136662,)
(0.007928306,)
(0.0074610645,)
(0.007969376,)
(0.0103295725,)
(0.008170147,)
(0.006997332,)
(0.008069472,)
(0.0071599633,)
(0.007110471,)
(0.008297846,)
(0.0073912563,)
(0.007442642,)
(0.011176456,)
(0.006939982,)
(0.008913312,)
(0.010424141,)
(0.0087752305,)
(0.0069716014,)
(0.006424496,)
(0.0064924303,)
(0.013599351,)
(0.015609519,)
(0.007564946,)
(0.006236976,)
(0.006800191,)
(0.0070185857,)
(0.0078484155,)
(0.007764466,)
(0.008446373,)
(0.006861022,)
(0.00924807,)
(0.00876233,)
(0.010645095,)
(0.00763545,)
(0.0066020982,)
(0.0065128747,)
(0.008633473,)
(0.007826405,)
(0.0072092237,)
(0.008721473,)
(0.007528322,)
(0.007975318,)
(0.008682707,)
(0.007128249,)
(0.0077020647,)
(0.006947794,)
(0.0065101827,)
(0.005859032,)
(0.0059567876,)
(0.0071283504,)
(0.009317007,)
(0.007025256,)
(0.006713842,)
(0.008573631,)
(0.006348909,)
(0.006054535,)
(0.005774467,)
(0.0062643774,)
(0.007940318,)
(0.010528527,)
(0.0077319765,)
(0.009512337,)
(0.0060065202,)
(0.0065753553,)
(0.008929534,)
(0.006025706,)
(0.0069343117,)
(0.006967739,)
(0.009202023,)
(0.007676528,)
(0.0073833745,)
(0.007962324,)
(0.0060729985,)
(0.0075220885,)
(0.007696636,)
(0.009125926,)
(0.0091944635,)
(0.008929202,)
(0.006169795,)
(0.0060914047,)
(0.0072184075,)
(0.0055724937,)
(0.0061418423,)
(0.007869102,)
(0.0063017244,)
(0.0051193973,)
(0.008442923,)
(0.00601983,)
(0.009208266,)
(0.007535671,)
(0.007050873,)
(0.007209182,)
(0.00622579,)
(0.0068945466,)
(0.0064549875,)
(0.010685361,)
(0.009481451,)
(0.008481433,)
(0.0070316466,)
(0.0061225863,)
(0.005759933,)
(0.006076835,)
(0.005298068,)
(0.0059499145,)
(0.0061431397,)
(0.006954263,)
(0.007811237,)
(0.011485099,)
(0.008867169,)
(0.0066179857,)
(0.006884572,)
(0.007052472,)
(0.0056336503,)
(0.0063221715,)
(0.0067312373,)
(0.005917467,)
(0.006094646,)
(0.0061112978,)
(0.0059486404,)
(0.0059987972,)
(0.0076817563,)
(0.008473648,)
(0.007948472,)
(0.0070191994,)
(0.0076635173,)
(0.0072529195,)
(0.007560186,)
(0.007186289,)
(0.008883534,)
(0.007310816,)
(0.0056709303,)
(0.0074592894,)
(0.006895254,)
(0.006318181,)
(0.006052393,)
(0.0060333507,)
(0.005584068,)
(0.0050582746,)
(0.005584768,)
(0.007990824,)
(0.011042121,)
(0.009324595,)
(0.0064690216,)
(0.0077254437,)
(0.005612975,)
(0.005920038,)
(0.0054780366,)
(0.0070453584,)
(0.005566687,)
(0.0057177413,)
(0.0068454854,)
(0.0068859598,)
(0.005574679,)
(0.005647325,)
(0.0054522,)
(0.006353447,)
(0.0063285846,)
(0.006298404,)
(0.0066380976,)
(0.008697448,)
(0.006167979,)
(0.005209964,)
(0.00606749,)
(0.005566749,)
(0.0056437617,)
(0.007374581,)
(0.0063587627,)
(0.0067845983,)
(0.0068923496,)
(0.006820038,)
(0.0067961826,)
(0.006040698,)
(0.0064745275,)
(0.006017209,)
(0.0058745593,)
(0.00547311,)
(0.005769293,)
(0.008449484,)
(0.0065090097,)
(0.0066276533,)
(0.006717559,)
(0.0072770976,)
(0.006385494,)
(0.0055370224,)
(0.0049175494,)
(0.0072834385,)
(0.00568749,)
(0.007980114,)
(0.007310204,)
(0.0059015173,)
(0.0056347186,)
(0.007701872,)
(0.0076662926,)
(0.0058529368,)
(0.007962158,)
(0.0066245385,)
(0.0065638185,)
(0.011407992,)
(0.0054219784,)
(0.006181,)
(0.0063030035,)
(0.007025677,)
(0.0053129653,)
(0.0050525544,)
(0.005452186,)
(0.0061627934,)
(0.007177701,)
(0.005267664,)
(0.005485221,)
(0.0059677954,)
(0.0064664744,)
(0.0061544017,)
(0.0053414935,)
(0.006697614,)
(0.006612077,)
(0.0051061977,)
(0.005592012,)
(0.0065374514,)
(0.0056513213,)
(0.008405276,)
(0.010078505,)
(0.0061147385,)
(0.0056204777,)
(0.0062292395,)
(0.005453298,)
(0.006196874,)
(0.006061539,)
(0.0048830435,)
(0.006248106,)
(0.005359513,)
(0.0058088154,)
(0.0063306727,)
(0.00671608,)
(0.0071457024,)
(0.0072804736,)
(0.004769029,)
(0.005183032,)
(0.0057228734,)
(0.0061465357,)
(0.005407219,)
(0.0054481267,)
(0.006469913,)
(0.010308947,)
(401.23627,)
(0.25345215,)
(0.10570791,)
(0.07844261,)
(0.069306776,)
(0.060342338,)
(0.06116353,)
(0.06161219,)
(0.05843556,)
(0.06041071,)
(0.06083165,)
(0.057952087,)
(0.0578402,)
(0.060275957,)
(0.057354074,)
(0.06129068,)
(0.060960524,)
(0.060165666,)
(0.059634604,)
(0.060589865,)
(0.060832847,)
(0.061496485,)
(0.059256896,)
(0.060410224,)
(0.06070495,)
(0.05906391,)
(0.05810332,)
(0.06175751,)
(0.058706786,)
(0.059853006,)
(0.06129017,)
(0.058446787,)
(0.059707347,)
(0.06089793,)
(0.058273256,)
(0.058602445,)
(0.05771378,)
(0.058760796,)
(0.059152104,)
(0.058099657,)
(0.05543185,)
(0.060358353,)
(0.056085087,)
(0.057873793,)
(0.061075207,)
(0.059413433,)
(0.058929168,)
(0.060598183,)
(0.060562685,)
(0.059491985,)
(0.055308823,)
(0.05901721,)
(0.060778953,)
(0.058322817,)
(0.057672843,)
(0.061102528,)
(0.05922552,)
(0.058688506,)
(0.061913565,)
(0.057688963,)
(0.058903944,)
(0.058620423,)
(0.056546323,)
(0.059834898,)
(0.05758035,)
(0.059494074,)
(0.05849993,)
(0.056687225,)
(0.056071185,)
(0.055277646,)
(0.05473604,)
(0.055381887,)
(0.05870413,)
(0.05916253,)
(0.057311215,)
(0.056961127,)
(0.0603121,)
(0.053512003,)
(0.054561418,)
(0.05550024,)
(0.056698408,)
(0.057071492,)
(0.055258997,)
(0.05611026,)
(0.05989377,)
(0.055725586,)
(0.0570587,)
(0.056019466,)
(0.056698516,)
(0.05898755,)
(0.057398345,)
(0.05387867,)
(0.053879052,)
(0.053742073,)
(0.0547958,)
(0.051860094,)
(0.05595612,)
(0.05217455,)
(0.054497004,)
(0.054494437,)
(0.053249247,)
(0.054414142,)
(0.053750753,)
(0.050623685,)
(0.054569058,)
(0.052145176,)
(0.052123632,)
(0.052124508,)
(0.052607007,)
(0.054222804,)
(0.050847806,)
(0.049938876,)
(0.053490415,)
(0.0514875,)
(0.054747008,)
(0.051187024,)
(0.052302137,)
(0.050978113,)
(0.055891518,)
(0.054320287,)
(0.051548295,)
(0.050734475,)
(0.04988879,)
(0.050624833,)
(0.05012029,)
(0.04894956,)
(0.049899194,)
(0.0497521,)
(0.050508913,)
(0.048459508,)
(0.048041634,)
(0.04503853,)
(0.048363473,)
(0.056898586,)
(0.04957833,)
(0.048786495,)
(0.046621367,)
(0.044530444,)
(0.045751974,)
(0.047564466,)
(0.04630716,)
(0.043550417,)
(0.044750847,)
(0.04320706,)
(0.04304086,)
(0.042430185,)
(0.043520156,)
(0.045124702,)
(0.04024773,)
(0.04365879,)
(0.040353134,)
(0.058811523,)
(0.052165233,)
(0.042875092,)
(0.04138257,)
(0.04407934,)
(0.04267371,)
(0.042315006,)
(0.03901974,)
(0.037681513,)
(0.049901884,)
(0.041564234,)
(0.037489932,)
(0.038172685,)
(0.037120957,)
(0.03778187,)
(0.03678823,)
(0.05612439,)
(0.046830393,)
(0.04501484,)
(0.038731936,)
(0.03767943,)
(0.034600254,)
(0.03572301,)
(0.035610214,)
(0.03465954,)
(0.07203545,)
(0.055343803,)
(0.045399375,)
(0.039903298,)
(0.037473164,)
(0.03603398,)
(0.035506304,)
(0.035530936,)
(0.03928007,)
(0.039536156,)
(0.03630513,)
(0.034945622,)
(0.03637959,)
(0.03689981,)
(0.033503383,)
(0.03297013,)
(0.036140885,)
(0.046671115,)
(0.041044578,)
(0.03863703,)
(0.033324692,)
(0.031246288,)
(0.04511361,)
(0.052424163,)
(0.03555672,)
(0.033832185,)
(0.031957325,)
(0.033960618,)
(0.044235922,)
(0.044500917,)
(0.033898346,)
(0.032140113,)
(0.030576143,)
(0.030077972,)
(0.030696852,)
(0.043667525,)
(0.035762142,)
(0.04105822,)
(0.031468242,)
(0.031564586,)
(0.028934289,)
(0.02945423,)
(0.030294368,)
(0.02878863,)
(0.028566157,)
(0.027711835,)
(0.029276352,)
(0.03409581,)
(0.02860836,)
(0.029863672,)
(0.06165206,)
(0.054890975,)
(0.048235357,)
(0.037434388,)
(0.0316438,)
(0.029468406,)
(0.03319806,)
(0.07253426,)
(0.060764864,)
(0.057096787,)
(0.052552216,)
(0.039719794,)
(0.03436515,)
(0.03246478,)
(0.030933768,)
(0.030280195,)
(0.03183509,)
(0.029238682,)
(0.03123204,)
(0.040943556,)
(0.046262987,)
(0.0346027,)
(0.027125597,)
(0.030046536,)
(0.025538119,)
(0.03172054,)
(0.027636599,)
(0.030757833,)
(0.02686419,)
(0.025691727,)
(0.033218417,)
(0.027081938,)
(0.0321111,)
(0.026838034,)
(0.026523445,)
(0.02597732,)
(0.025035663,)
(0.024347879,)
(0.025018748,)
(0.025126476,)
(0.024691567,)
(0.03454849,)
(0.029061632,)
(0.028802365,)
(0.02457864,)
(0.024537625,)
(0.023658631,)
(0.023566496,)
(0.0239885,)
(0.024825413,)
(0.023513926,)
(0.023480937,)
(0.023541939,)
(0.02377142,)
(0.023056012,)
(0.022972811,)
(0.023340918,)
(0.023798538,)
(0.025277525,)
(0.022959553,)
(0.027625525,)
(0.023499839,)
(0.021921854,)
(0.025741283,)
(0.037205525,)
(0.025839519,)
(0.024314404,)
(0.022620698,)
(0.027986571,)
(0.022691969,)
(0.02305675,)
(0.022153486,)
(0.021476597,)
(0.03557884,)
(0.0253238,)
(0.026729288,)
(0.023577765,)
(0.022393536,)
(0.02163218,)
(0.020718377,)
(0.021001065,)
(0.022165325,)
(0.023219507,)
(0.032522097,)
(0.024880739,)
(0.022423234,)
(0.021587435,)
(0.025802886,)
(0.021553127,)
(0.02145778,)
(0.020804944,)
(0.020750381,)
(0.022519868,)
(0.020893864,)
(0.020775307,)
(0.0205599,)
(0.020235958,)
(0.020612545,)
(0.020084202,)
(0.021008946,)
(0.020220928,)
(0.020321717,)
(0.020698627,)
(0.02057571,)
(0.020270865,)
(0.020299828,)
(0.02081216,)
(0.021233749,)
(0.02212493,)
(0.021464236,)
(0.024701491,)
(0.021201242,)
(0.020602996,)
(0.02155023,)
(0.020609468,)
(0.022149937,)
(0.019701583,)
(0.020253152,)
(0.020560382,)
(0.019819591,)
(0.019288532,)
(0.01978848,)
(0.019092683,)
(0.022399073,)
(0.020597057,)
(0.022024516,)
(0.020265784,)
(0.022217635,)
(0.021389626,)
(0.020019963,)
(0.019535866,)
(0.021677053,)
(0.019798625,)
(0.019578833,)
(0.022229157,)
(0.019745344,)
(0.01989491,)
(0.018512882,)
(0.019554796,)
(0.018938143,)
(0.019793611,)
(0.019592997,)
(0.020570923,)
(0.019832402,)
(0.020935517,)
(0.019417502,)
(0.01959719,)
(0.019736944,)
(0.019064967,)
(0.018697508,)
(0.020656157,)
(0.020177193,)
(0.018921413,)
(0.021233687,)
(0.020379078,)
(0.021794781,)
(0.019602498,)
(0.019131057,)
(0.022127058,)
(0.019111123,)
(0.020600196,)
(0.018860022,)
(0.017725484,)
(0.019316373,)
(0.019568365,)
(0.023228534,)
(0.020901866,)
(0.020347323,)
(0.021585705,)
(0.022958852,)
(0.018935502,)
(0.018707175,)
(0.018912625,)
(0.018562287,)
(0.02132766,)
(0.020912822,)
(0.020252038,)
(0.018835189,)
(0.019671476,)
(0.01864995,)
(0.01948523,)
(0.026549583,)
(0.020358376,)
(0.024486322,)
(0.024474524,)
(0.02136314,)
(0.018117126,)
(0.01840261,)
(0.018243486,)
(0.01836021,)
(0.018421818,)
(0.017600384,)
(0.01812433,)
(0.020913644,)
(0.01995393,)
(0.017871136,)
(0.018669913,)
(0.018192705,)
(0.018005345,)
(0.018833049,)
(0.019538898,)
(0.01715892,)
(0.019629302,)
(0.018327842,)
(0.01832042,)
(0.018352604,)
(0.017738879,)
(0.01797936,)
(0.01784156,)
(0.017868267,)
(0.018276935,)
(0.018217644,)
(0.017868862,)
(0.0286094,)
(0.020641912,)
(0.019888345,)
(0.018248143,)
(0.017616034,)
(0.01912464,)
(0.01830202,)
(0.018675225,)
(0.017320001,)
(0.017361183,)
(0.0169468,)
(0.018132549,)
(0.017295659,)
(0.01752594,)
(0.019116739,)
(0.017365368,)
(0.01863788,)
(0.0182271,)
(0.016802743,)
(0.017030524,)
(0.018195283,)
(0.019444007,)
(0.017347362,)
(0.016452394,)
(0.017442994,)
(0.017989922,)
(0.017175142,)
(0.017610706,)
(0.017267346,)
(0.021836562,)
(0.017966554,)
(0.028726771,)
(0.02418172,)
(0.019289576,)
(0.017789556,)
(0.017676506,)
(0.01943388,)
(0.017395725,)
(0.017142136,)
(0.017637791,)
(0.017131988,)
(0.01670283,)
(0.017560178,)
(0.016915161,)
(0.016887449,)
(0.020099882,)
(0.016750492,)
(0.018260133,)
(0.01704439,)
(0.016098693,)
(0.020977464,)
(0.018748723,)
(0.017104,)
(0.015856657,)
(0.017182017,)
(0.016518869,)
(0.017379683,)
(0.01722217,)
(0.017148416,)
(0.01724067,)
(0.01730337,)
(0.016807774,)
(0.017733216,)
(0.017151061,)
(0.016381044,)
(0.01675734,)
(0.017207518,)
(0.016734727,)
(0.016980521,)
(0.018160725,)
(0.017176598,)
(0.016840298,)
(0.016942069,)
(0.01859624,)
(0.018216759,)
(0.016521007,)
(0.017396737,)
(0.016606478,)
(0.01605852,)
(0.016110651,)
(0.016827691,)
(0.01638456,)
(0.016516482,)
(0.016152695,)
(0.017005142,)
(0.018861067,)
(0.016275007,)
(0.016164936,)
(0.017033199,)
(0.01899015,)
(0.016332567,)
(0.016584445,)
(0.016746514,)
(0.016814377,)
(0.017336186,)
(0.01863622,)
(0.017052896,)
(0.017925052,)
(0.017888168,)
(0.015868526,)
(0.016485924,)
(0.01671243,)
(0.016693775,)
(0.016073624,)
(0.015734086,)
(0.01613952,)
(0.016572976,)
(0.015855907,)
(0.0167296,)
(0.016354896,)
(0.016948845,)
(0.016367454,)
(0.016979251,)
(0.02251102,)
(0.017071657,)
(0.016473252,)
(0.016406694,)
(0.01652732,)
(0.015547076,)
(0.016019367,)
(0.01929881,)
(0.018549573,)
(0.016971124,)
(0.017091962,)
(0.015677145,)
(0.016178183,)
(0.01581614,)
(0.016891038,)
(0.016695764,)
(0.016684238,)
(0.01575106,)
(0.026040845,)
(0.016466845,)
(0.0177796,)
(0.016048748,)
(0.015682044,)
(0.01565393,)
(0.015875587,)
(0.016664805,)
(0.016939014,)
(0.01582713,)
(0.014716749,)
(0.015344778,)
(0.016888198,)
(0.020082608,)
(0.016936842,)
(0.016058058,)
(0.015970396,)
(0.016404953,)
(0.0150063075,)
(0.015576062,)
(0.01612321,)
(0.016192596,)
(0.018619962,)
(0.019457068,)
(0.015684392,)
(0.015341412,)
(0.015725031,)
(0.01679036,)
(0.015301721,)
(0.016343236,)
(0.015686398,)
(0.016119499,)
(0.017554436,)
(0.014516839,)
(0.015371577,)
(0.014680812,)
(0.016748624,)
(0.017603496,)
(0.016570613,)
(0.016815018,)
(0.015961539,)
(0.0153040495,)
(0.015302463,)
(0.014976209,)
(0.015997866,)
(0.015930591,)
(0.016413623,)
(0.016208835,)
(0.017395519,)
(0.01592914,)
(0.016131315,)
(0.015875774,)
(0.017388353,)
(0.015893674,)
(0.015725076,)
(0.01652446,)
(0.016156208,)
(0.016230265,)
(0.016477654,)
(0.015690502,)
(0.015483198,)
(0.01635822,)
(0.015141173,)
(0.015403241,)
(0.01533277,)
(0.015050069,)
(0.016789628,)
(0.019851323,)
(0.015896568,)
(0.017565401,)
(0.015519993,)
(0.01478243,)
(0.016068552,)
(0.015493701,)
(0.016034085,)
(0.016011145,)
(0.01632981,)
(0.016250983,)
(0.015200209,)
(0.016192831,)
(0.016045008,)
(0.015765414,)
(0.015311763,)
(0.016034717,)
(0.015625235,)
(0.015930986,)
(0.01746509,)
(0.015499366,)
(0.014867622,)
(0.015694011,)
(0.015900796,)
(0.017084967,)
(0.016492907,)
(0.017189981,)
(0.01580303,)
(0.015544815,)
(0.015072325,)
(0.016219739,)
(0.01608907,)
(0.015000129,)
(0.016516771,)
(0.014970742,)
(0.014485499,)
(0.0144565785,)
(0.015554396,)
(0.014951916,)
(0.017421322,)
(0.017751586,)
(0.01635613,)
(0.015667409,)
(0.015092753,)
(0.015671613,)
(0.015092419,)
(0.01752119,)
(0.018638581,)
(0.018424068,)
(0.016990453,)
(0.014486531,)
(0.016524453,)
(0.017597497,)
(0.017035142,)
(0.017979108,)
(0.018116819,)
(0.017033983,)
(0.015311364,)
(0.015748147,)
(0.01545121,)
(0.014684708,)
(0.018636163,)
(0.016223714,)
(0.016154163,)
(0.014569273,)
(0.015591335,)
(0.015479403,)
(0.015125593,)
(0.015634635,)
(0.015466794,)
(0.0149220405,)
(0.015402971,)
(0.014687093,)
(0.015632963,)
(0.01528156,)
(0.015590112,)
(0.017188609,)
(0.014822899,)
(0.015520316,)
(0.015016188,)
(0.016585093,)
(0.014975453,)
(0.014645407,)
(0.015943674,)
(0.014810801,)
(0.018089483,)
(0.015447788,)
(0.015316727,)
(0.01480631,)
(0.014501706,)
(0.014780408,)
(0.015046901,)
(0.016555302,)
(0.015789388,)
(0.017380375,)
(0.017258588,)
(0.016175108,)
(0.017135538,)
(0.016175793,)
(0.0152112795,)
(0.016094787,)
(0.01593683,)
(0.015200073,)
(0.014735188,)
(0.017879326,)
(0.01538875,)
(0.01480886,)
(0.015185753,)
(0.014600074,)
(0.014238458,)
(0.016301349,)
(0.015568892,)
(0.016196286,)
(0.015085042,)
(0.014468212,)
(0.015996015,)
(0.015000617,)
(0.018026289,)
(0.014950215,)
(0.01665486,)
(0.014857968,)
(0.015556256,)
(0.015571354,)
(0.014218686,)
(0.014627317,)
(0.014731096,)
(0.01716636,)
(0.015410686,)
(0.016470157,)
(0.015018657,)
(0.015265092,)
(0.015488198,)
(0.016367363,)
(0.014795002,)
(0.0150152845,)
(0.015341481,)
(0.0151275825,)
(0.015137292,)
(0.016507827,)
(0.015438329,)
(0.015352966,)
(0.014968148,)
(0.015559658,)
(0.019107275,)
(0.016602892,)
(0.01584713,)
(0.017836548,)
(0.018958185,)
(0.016131705,)
(0.015597155,)
(0.01466308,)
(0.014250267,)
(0.0145669915,)
(0.016393851,)
(0.015762758,)
(0.014896146,)
(0.014420791,)
(0.014466625,)
(0.015269568,)
(0.015201642,)
(0.015870247,)
(0.016428538,)
(0.014548974,)
(0.014375926,)
(0.013884783,)
(0.014830485,)
(0.014635894,)
(0.015945096,)
(0.014480011,)
(0.014893247,)
(0.0144365,)
(0.017371936,)
(0.015795039,)
(0.014403321,)
(0.015372803,)
(0.015082132,)
(0.015116437,)
(0.01709684,)
(0.014022114,)
(0.01475516,)
(0.014418691,)
(0.014750849,)
(0.0148293935,)
(0.015008302,)
(0.014379542,)
(0.015154172,)
(0.015525385,)
(0.016510075,)
(0.015469173,)
(0.014534084,)
(0.01573615,)
(0.01454778,)
(0.014185526,)
(0.014207019,)
(0.014837844,)
(0.015101866,)
(0.015482042,)
(0.015227821,)
(0.016159307,)
(0.016575256,)
(0.015882747,)
(0.01698457,)
(0.015392678,)
(0.015449982,)
(0.014460664,)
(0.01557167,)
(0.01454935,)
(0.014456715,)
(0.014426086,)
(0.018592225,)
(0.013751412,)
(0.013753079,)
(0.015282477,)
(0.0155289695,)
(0.015556227,)
(0.015902419,)
(0.015609188,)
(0.014654501,)
(0.015182838,)
(0.014060365,)
(0.01513611,)
(0.015402426,)
(0.01459204,)
(0.014749099,)
(0.014723763,)
(0.015307375,)
(0.015631163,)
(0.014524119,)
(0.014280554,)
(0.014435932,)
(0.015581733,)
(0.014413757,)
(0.014735559,)
(0.015814465,)
(0.014761915,)
(0.014935518,)
(0.014685947,)
(0.015044144,)
(0.014545346,)
(0.016864471,)
(0.0145973945,)
(0.016372886,)
(0.015788741,)
(0.0153928865,)
(0.014612288,)
(0.014970305,)
(0.015047623,)
(0.013745338,)
(0.014555606,)
(0.016880441,)
(0.014500037,)
(0.015886893,)
(0.015035972,)
(0.014806418,)
(0.014739297,)
(0.014876568,)
(0.01479756,)
(0.014439392,)
(0.017953962,)
(0.015630897,)
(0.014537202,)
(0.014463054,)
(0.013956387,)
(0.014846809,)
(0.014708282,)
(0.016487528,)
(0.015808893,)
(0.015205024,)
(0.01419194,)
(0.014740895,)
(0.014194988,)
(0.01450884,)
(0.014620252,)
(0.014141732,)
(0.015982049,)
(0.014568353,)
(0.014170596,)
(0.014633973,)
(0.01437599,)
(0.014577389,)
(0.014700936,)
(0.014489659,)
(0.016017646,)
(0.014634651,)
(0.014968093,)
(0.014071364,)
(0.013977706,)
(0.013766511,)
(0.01494722,)
(0.014551671,)
(0.014405762,)
(0.01452631,)
(0.014340617,)
(0.017017083,)
(0.014946462,)
(0.01717135,)
(0.014817403,)
(0.014563433,)
(0.015114665,)
(0.01676235,)
(0.016228132,)
(0.013679467,)
(0.01480029,)
(0.014038727,)
(0.014556931,)
(0.014787037,)
(0.013997851,)
(0.014779253,)
(0.013853916,)
(0.014050966,)
(0.015777424,)
(0.014603198,)
(0.014061231,)
(0.015354484,)
(0.016067881,)
(0.016906744,)
(0.014678397,)
(0.014054349,)
(0.0149527695,)
(0.01536851,)
(0.013798478,)
(0.014639022,)
(0.013779767,)
(0.016249891,)
(0.0139991045,)
(0.014526179,)
(0.013925809,)
(0.013974568,)
(0.013439187,)
(0.0146467695,)
(0.014562009,)
(0.0141540915,)
(0.013498393,)
(0.013956932,)
(0.015474182,)
(0.013993668,)
(0.014110835,)
(0.014207287,)
(0.014185598,)
(0.014414158,)
(0.0143651115,)
(0.0138579635,)
(0.014444379,)
(0.0139234625,)
(0.013332562,)
(0.0155244,)
(0.01390425,)
(0.0141035225,)
(0.013718049,)
(0.013456567,)
(0.013583105,)
(0.014357254,)
(0.014036549,)
(0.013056457,)
(0.013943144,)
(0.015303865,)
(0.014751314,)
(0.014139648,)
(0.014413821,)
(0.015047669,)
(0.014946045,)
(0.0136241205,)
(0.013855593,)
(0.013786983,)
(0.013723291,)
(0.01344314,)
(0.013799314,)
(0.013469004,)
(0.014387974,)
(0.01398149,)
(0.013524683,)
(0.01416751,)
(0.0149726225,)
(0.014251705,)
(0.013477802,)
(0.013901381,)
(0.013412,)
(0.014143507,)
(0.013873092,)
(0.0138523355,)
(0.013907021,)
(0.013442054,)
(0.013306964,)
(0.013802245,)
(0.013152429,)
(0.01369117,)
(0.01419084,)
(0.013435174,)
(0.013200281,)
(0.013187064,)
(0.014194001,)
(0.013133535,)
(0.013241185,)
(0.012688583,)
(0.013818642,)
(0.014322913,)
(0.013295821,)
(0.014125099,)
(0.013593411,)
(0.013253827,)
(0.01300798,)
(0.012993313,)
(0.013015953,)
(0.013442774,)
(0.013008881,)
(0.013876848,)
(0.013526396,)
(0.0133862775,)
(0.013458652,)
(0.012815508,)
(0.013009152,)
(0.012768477,)
(0.014199426,)
(0.012473738,)
(0.013489429,)
(0.013406029,)
(0.013282355,)
(0.012412151,)
(0.013254046,)
(0.013285225,)
(0.013691245,)
(0.014820829,)
(0.012296269,)
(0.012258906,)
(0.012286795,)
(0.012549407,)
(0.013857546,)
(0.013855267,)
(0.012850162,)
(0.013133929,)
(0.012896024,)
(0.011984631,)
(0.012578535,)
(0.012332557,)
(0.013189774,)
(0.014051397,)
(0.013666705,)
(0.015474729,)
(0.012883369,)
(0.012826642,)
(0.01193342,)
(0.013148051,)
(0.013106124,)
(0.01281607,)
(0.01292591,)
(0.012660967,)
(0.011987864,)
(0.011851399,)
(0.012291271,)
(0.013064027,)
(0.012966912,)
(0.012411046,)
(0.011967534,)
(0.012023518,)
(0.012013586,)
(0.011626113,)
(0.012196401,)
(0.0119268065,)
(0.011830738,)
(0.01224673,)
(0.012478562,)
(0.01259779,)
(0.012552011,)
(0.012347992,)
(0.012158027,)
(0.011659706,)
(0.012342445,)
(0.012563605,)
(0.012096001,)
(0.0146365035,)
(0.013126919,)
(0.0119566675,)
(0.011386787,)
(0.011330754,)
(0.013518615,)
(0.012373818,)
(0.012368789,)
(0.011362847,)
(0.011657365,)
(0.013490549,)
(0.01238751,)
(0.012892462,)
(0.012820382,)
(0.011525478,)
(0.011494238,)
(0.0109795015,)
(0.012926638,)
(0.010887725,)
(0.011567436,)
(0.011852594,)
(0.012405295,)
(0.012138654,)
(0.011791404,)
(0.012028023,)
(0.011043016,)
(0.010234252,)
(0.011260028,)
(0.012292992,)
(0.012099355,)
(0.012972482,)
(0.011067949,)
(0.010568074,)
(0.012988052,)
(0.010880739,)
(0.011054821,)
(0.012937887,)
(0.012603583,)
(0.0114642475,)
(0.011121289,)
(0.010378157,)
(0.010402508,)
(0.010945488,)
(0.010697234,)
(0.010172578,)
(0.010009213,)
(0.010478532,)
(0.010846421,)
(0.012014376,)
(0.01085943,)
(0.011045531,)
(0.010273017,)
(0.011097478,)
(0.010252072,)
(0.010116984,)
(0.009963321,)
(0.010133108,)
(0.011693735,)
(0.012461172,)
(0.011105949,)
(0.010977685,)
(0.010521406,)
(0.011360441,)
(0.0106364675,)
(0.00992848,)
(0.010558839,)
(0.009854173,)
(0.01037246,)
(0.010244384,)
(0.009450718,)
(0.010690745,)
(0.010884788,)
(0.010174482,)
(0.009329788,)
(0.010817284,)
(0.009676941,)
(0.010122124,)
(0.009457801,)
(0.009193529,)
(0.00918176,)
(0.0095842825,)
(0.009383427,)
(0.0104142185,)
(0.01159398,)
(0.010640647,)
(0.009770928,)
(0.00921594,)
(0.009013083,)
(0.009264113,)
(0.008821172,)
(0.00961501,)
(0.009839492,)
(0.01028704,)
(0.009774019,)
(0.009615677,)
(0.00902121,)
(0.008930119,)
(0.009812646,)
(0.010046946,)
(0.0096179275,)
(0.009848954,)
(0.009938391,)
